   8.2338922186570795e-01   0.0000000000000000e+00   4.6882528935179441e-03   0.0000000000000000e+00   1.2669212036536803e-01   0.0000000000000000e+00   2.7431450554445953e+00
   8.2338238135746422e-01   0.0000000000000000e+00   1.2049173103713950e-02   0.0000000000000000e+00   1.2871001341715227e-01   0.0000000000000000e+00   2.7439861614542265e+00
   8.2338098528536807e-01   0.0000000000000000e+00   1.9410093313909957e-02   0.0000000000000000e+00   1.3236379892752859e-01   0.0000000000000000e+00   2.7455444614535183e+00
   8.2340286503584070e-01   0.0000000000000000e+00   2.6771013524105963e-02   0.0000000000000000e+00   1.3743138955682269e-01   0.0000000000000000e+00   2.7477796453395293e+00
   8.2346839367956759e-01   0.0000000000000000e+00   3.4131933734301970e-02   0.0000000000000000e+00   1.4364707873034002e-01   0.0000000000000000e+00   2.7506345618329044e+00
   8.2359689752098009e-01   0.0000000000000000e+00   4.1492853944497976e-02   0.0000000000000000e+00   1.5074007732510247e-01   0.0000000000000000e+00   2.7540362040036364e+00
   8.2380442829395684e-01   0.0000000000000000e+00   4.8853774154693982e-02   0.0000000000000000e+00   1.5845999107312564e-01   0.0000000000000000e+00   2.7578957697122775e+00
   8.2399999999999995e-01   0.0000000000000000e+00   5.3930765598619833e-02   0.0000000000000000e+00   1.6403469709863575e-01   0.0000000000000000e+00   2.7607701774566653e+00
   8.2410287406282079e-01   0.0000000000000000e+00   5.6214694364889989e-02   0.0000000000000000e+00   1.6658908749379067e-01   0.0000000000000000e+00   2.7621075974096612e+00
   8.2449999999991919e-01   0.0000000000000000e+00   6.3575614575085995e-02   0.0000000000000000e+00   1.7494522075565683e-01   0.0000000000000000e+00   2.7665469540191872e+00
   8.2500000000010187e-01   0.0000000000000000e+00   7.0936534785282002e-02   0.0000000000000000e+00   1.8337961332654865e-01   0.0000000000000000e+00   2.7710666441117002e+00
   8.2499999999999996e-01   0.0000000000000000e+00   7.0936534785282473e-02   0.0000000000000000e+00   1.8337961332673136e-01   0.0000000000000000e+00   2.7710666451022021e+00
   8.2599999999999996e-01   0.0000000000000000e+00   8.2542104182140211e-02   0.0000000000000000e+00   1.9655514140392888e-01   0.0000000000000000e+00   2.7779218789006226e+00
   8.2699999999999996e-01   0.0000000000000000e+00   9.1960896651959292e-02   0.0000000000000000e+00   2.0692991226035351e-01   0.0000000000000000e+00   2.7827184030278445e+00
   8.2799999999999996e-01   0.0000000000000000e+00   1.0011755277002413e-01   0.0000000000000000e+00   2.1556744144128753e-01   0.0000000000000000e+00   2.7858239662317805e+00
   8.2899999999999996e-01   0.0000000000000000e+00   1.0741530028691933e-01   0.0000000000000000e+00   2.2296272895444216e-01   0.0000000000000000e+00   2.7873536139098065e+00
   8.2999999999999996e-01   0.0000000000000000e+00   1.1406266554912547e-01   0.0000000000000000e+00   2.2938934916745271e-01   0.0000000000000000e+00   2.7873289351805206e+00
   8.2999999999999996e-01   0.0000000000000000e+00   1.1406266554947549e-01   0.0000000000000000e+00   2.2938934916681414e-01   0.0000000000000000e+00   2.7873289359212450e+00
   8.3099999999999996e-01   0.0000000000000000e+00   1.2017660687410127e-01   0.0000000000000000e+00   2.3501431172865500e-01   0.0000000000000000e+00   2.7857374416279086e+00
   8.3099999999999996e-01   0.0000000000000000e+00   1.2017660687468153e-01   0.0000000000000000e+00   2.3501431172869663e-01   0.0000000000000000e+00   2.7857374423175663e+00
   8.3199999999999996e-01   0.0000000000000000e+00   1.2582526277133055e-01   0.0000000000000000e+00   2.3994709395337777e-01   0.0000000000000000e+00   2.7825639307086667e+00
   8.3299999999999996e-01   0.0000000000000000e+00   1.3104942914471923e-01   0.0000000000000000e+00   2.4426442381830779e-01   0.0000000000000000e+00   2.7778105646636817e+00
   8.3399999999999996e-01   0.0000000000000000e+00   1.3587506390158252e-01   0.0000000000000000e+00   2.4802435184036226e-01   0.0000000000000000e+00   2.7715095265031793e+00
   8.3499999999999996e-01   0.0000000000000000e+00   1.4032122573497674e-01   0.0000000000000000e+00   2.5127472000291212e-01   0.0000000000000000e+00   2.7637286190999455e+00
   8.3599999999999997e-01   0.0000000000000000e+00   1.4440511413004875e-01   0.0000000000000000e+00   2.5405818531296459e-01   0.0000000000000000e+00   2.7545700420389423e+00
   8.3699999999999997e-01   0.0000000000000000e+00   1.4814492635758192e-01   0.0000000000000000e+00   2.5641488590322337e-01   0.0000000000000000e+00   2.7441635425709028e+00
   8.3799999999999997e-01   0.0000000000000000e+00   1.5156102384891962e-01   0.0000000000000000e+00   2.5838349488735363e-01   0.0000000000000000e+00   2.7326562370412488e+00
   8.3899999999999997e-01   0.0000000000000000e+00   1.5467591225246494e-01   0.0000000000000000e+00   2.6000128668992706e-01   0.0000000000000000e+00   2.7202017323422920e+00
   8.3999999999999997e-01   0.0000000000000000e+00   1.5751354510999171e-01   0.0000000000000000e+00   2.6130373188953804e-01   0.0000000000000000e+00   2.7069506643886565e+00
   8.4099999999999997e-01   0.0000000000000000e+00   1.6009838133043816e-01   0.0000000000000000e+00   2.6232398815491492e-01   0.0000000000000000e+00   2.6930437921833557e+00
   8.4199999999999997e-01   0.0000000000000000e+00   1.6245448912360044e-01   0.0000000000000000e+00   2.6309249781592531e-01   0.0000000000000000e+00   2.6786078680603649e+00
   8.4299999999999997e-01   0.0000000000000000e+00   1.6460484404188624e-01   0.0000000000000000e+00   2.6363677030740285e-01   0.0000000000000000e+00   2.6637538625705659e+00
   8.4299999999999997e-01   0.0000000000000000e+00   1.6460484404305301e-01   0.0000000000000000e+00   2.6363677030867416e-01   0.0000000000000000e+00   2.6637538632076629e+00
   8.4399999999999997e-01   0.0000000000000000e+00   1.6657086347620742e-01   0.0000000000000000e+00   2.6398134844968996e-01   0.0000000000000000e+00   2.6485769105589130e+00
   8.4399999999999997e-01   0.0000000000000000e+00   1.6657086347725272e-01   0.0000000000000000e+00   2.6398134845082172e-01   0.0000000000000000e+00   2.6485769111312978e+00
   8.4499999999999997e-01   0.0000000000000000e+00   1.6837215568122313e-01   0.0000000000000000e+00   2.6414791732518844e-01   0.0000000000000000e+00   2.6331573191478501e+00
   8.4599999999999997e-01   0.0000000000000000e+00   1.7002643573628878e-01   0.0000000000000000e+00   2.6415550600502913e-01   0.0000000000000000e+00   2.6175621340159769e+00
   8.4699999999999998e-01   0.0000000000000000e+00   1.7154955730764654e-01   0.0000000000000000e+00   2.6402073832592904e-01   0.0000000000000000e+00   2.6018469052894266e+00
   8.4799999999999998e-01   0.0000000000000000e+00   1.7295561608022930e-01   0.0000000000000000e+00   2.6375809973844433e-01   0.0000000000000000e+00   2.5860574224262867e+00
   8.4899999999999998e-01   0.0000000000000000e+00   1.7425709259986685e-01   0.0000000000000000e+00   2.6338019966299653e-01   0.0000000000000000e+00   2.5702313179057352e+00
   8.4999999999999998e-01   0.0000000000000000e+00   1.7546501051979577e-01   0.0000000000000000e+00   2.6289801564806670e-01   0.0000000000000000e+00   2.5543994703557598e+00
   8.5099999999999998e-01   0.0000000000000000e+00   1.7658909640799758e-01   0.0000000000000000e+00   2.6232111411527231e-01   0.0000000000000000e+00   2.5385872074190323e+00
   8.5199999999999998e-01   0.0000000000000000e+00   1.7763793207761028e-01   0.0000000000000000e+00   2.6165784532975561e-01   0.0000000000000000e+00   2.5228153143158378e+00
   8.5299999999999998e-01   0.0000000000000000e+00   1.7861909490524083e-01   0.0000000000000000e+00   2.6091551314683453e-01   0.0000000000000000e+00   2.5071008695070436e+00
   8.5399999999999998e-01   0.0000000000000000e+00   1.7953928423337043e-01   0.0000000000000000e+00   2.6010052140595769e-01   0.0000000000000000e+00   2.4914579320012762e+00
   8.5499999999999998e-01   0.0000000000000000e+00   1.8040443328758377e-01   0.0000000000000000e+00   2.5921849910588790e-01   0.0000000000000000e+00   2.4758981004916039e+00
   8.5599999999999998e-01   0.0000000000000000e+00   1.8121980784057429e-01   0.0000000000000000e+00   2.5827440769305038e-01   0.0000000000000000e+00   2.4604309740579411e+00
   8.5599999999999998e-01   0.0000000000000000e+00   1.8121980784138617e-01   0.0000000000000000e+00   2.5827440769406246e-01   0.0000000000000000e+00   2.4604309745324615e+00
   8.5699999999999998e-01   0.0000000000000000e+00   1.8199009186275666e-01   0.0000000000000000e+00   2.5727263197358979e-01   0.0000000000000000e+00   2.4450645241759239e+00
   8.5699999999999998e-01   0.0000000000000000e+00   1.8199009186349172e-01   0.0000000000000000e+00   2.5727263197452960e-01   0.0000000000000000e+00   2.4450645246122136e+00
   8.5799999999999998e-01   0.0000000000000000e+00   1.8271946208381357e-01   0.0000000000000000e+00   2.5621705769706704e-01   0.0000000000000000e+00   2.4298053958803667e+00
   8.5899999999999999e-01   0.0000000000000000e+00   1.8341165253664923e-01   0.0000000000000000e+00   2.5511113755770426e-01   0.0000000000000000e+00   2.4146591549440957e+00
   8.5999999999999999e-01   0.0000000000000000e+00   1.8407001039215332e-01   0.0000000000000000e+00   2.5395794743527311e-01   0.0000000000000000e+00   2.3996304910635216e+00
   8.6099999999999999e-01   0.0000000000000000e+00   1.8469754423898457e-01   0.0000000000000000e+00   2.5276023438176143e-01   0.0000000000000000e+00   2.3847233804530230e+00
   8.6199999999999999e-01   0.0000000000000000e+00   1.8529696585831795e-01   0.0000000000000000e+00   2.5152045765448316e-01   0.0000000000000000e+00   2.3699412207332502e+00
   8.6299999999999999e-01   0.0000000000000000e+00   1.8587072640406208e-01   0.0000000000000000e+00   2.5024082387621649e-01   0.0000000000000000e+00   2.3552869412194477e+00
   8.6399999999999999e-01   0.0000000000000000e+00   1.8642104780980528e-01   0.0000000000000000e+00   2.4892331727747763e-01   0.0000000000000000e+00   2.3407630940450921e+00
   8.6499999999999999e-01   0.0000000000000000e+00   1.8694994995224834e-01   0.0000000000000000e+00   2.4756972553620576e-01   0.0000000000000000e+00   2.3263719272694563e+00
   8.6599999999999999e-01   0.0000000000000000e+00   1.8745927455484587e-01   0.0000000000000000e+00   2.4618166248555759e-01   0.0000000000000000e+00   2.3121154493718494e+00
   8.6699999999999999e-01   0.0000000000000000e+00   1.8795070579962081e-01   0.0000000000000000e+00   2.4476058737980680e-01   0.0000000000000000e+00   2.2979954788671582e+00
   8.6799999999999999e-01   0.0000000000000000e+00   1.8842578848385111e-01   0.0000000000000000e+00   2.4330782180885849e-01   0.0000000000000000e+00   2.2840136875632919e+00
   8.6899999999999999e-01   0.0000000000000000e+00   1.8888594392194361e-01   0.0000000000000000e+00   2.4182456437933611e-01   0.0000000000000000e+00   2.2701716360698190e+00
   8.6899999999999999e-01   0.0000000000000000e+00   1.8888594392235034e-01   0.0000000000000000e+00   2.4182456438016603e-01   0.0000000000000000e+00   2.2701716363712383e+00
   8.7000000000000000e-01   0.0000000000000000e+00   1.8933248393524804e-01   0.0000000000000000e+00   2.4031190352782389e-01   0.0000000000000000e+00   2.2564708051157054e+00
   8.7000000000000000e-01   0.0000000000000000e+00   1.8933248393561944e-01   0.0000000000000000e+00   2.4031190352862422e-01   0.0000000000000000e+00   2.2564708053988309e+00
   8.7100000000000000e-01   0.0000000000000000e+00   1.8976662319024890e-01   0.0000000000000000e+00   2.3877082872134608e-01   0.0000000000000000e+00   2.2429126193693865e+00
   8.7200000000000000e-01   0.0000000000000000e+00   1.9018949011941255e-01   0.0000000000000000e+00   2.3720224028219461e-01   0.0000000000000000e+00   2.2294984692193731e+00
   8.7300000000000000e-01   0.0000000000000000e+00   1.9060213661833067e-01   0.0000000000000000e+00   2.3560695802615397e-01   0.0000000000000000e+00   2.2162297305755638e+00
   8.7400000000000000e-01   0.0000000000000000e+00   1.9100554668153127e-01   0.0000000000000000e+00   2.3398572886456792e-01   0.0000000000000000e+00   2.2031077796858103e+00
   8.7500000000000000e-01   0.0000000000000000e+00   1.9140064412596020e-01   0.0000000000000000e+00   2.3233923351753738e-01   0.0000000000000000e+00   2.1901340072846383e+00
   8.7600000000000000e-01   0.0000000000000000e+00   1.9178829952359583e-01   0.0000000000000000e+00   2.3066809244953773e-01   0.0000000000000000e+00   2.1773098307876535e+00
   8.7700000000000000e-01   0.0000000000000000e+00   1.9216933645083864e-01   0.0000000000000000e+00   2.2897287112696388e-01   0.0000000000000000e+00   2.1646367051507678e+00
   8.7800000000000000e-01   0.0000000000000000e+00   1.9254453714780514e-01   0.0000000000000000e+00   2.2725408468174588e-01   0.0000000000000000e+00   2.1521161326725000e+00
   8.7900000000000000e-01   0.0000000000000000e+00   1.9291464766868585e-01   0.0000000000000000e+00   2.2551220205294203e-01   0.0000000000000000e+00   2.1397496719800158e+00
   8.8000000000000000e-01   0.0000000000000000e+00   1.9328038259446167e-01   0.0000000000000000e+00   2.2374764966764987e-01   0.0000000000000000e+00   2.1275389464051071e+00
   8.8100000000000001e-01   0.0000000000000000e+00   1.9364242937067877e-01   0.0000000000000000e+00   2.2196081471382703e-01   0.0000000000000000e+00   2.1154856519271759e+00
   8.8200000000000001e-01   0.0000000000000000e+00   1.9400145232655275e-01   0.0000000000000000e+00   2.2015204804897706e-01   0.0000000000000000e+00   2.1035915647129997e+00
   8.8200000000000001e-01   0.0000000000000000e+00   1.9400145232663463e-01   0.0000000000000000e+00   2.2015204804957381e-01   0.0000000000000000e+00   2.1035915648459436e+00
   8.8300000000000001e-01   0.0000000000000000e+00   1.9435809642523383e-01   0.0000000000000000e+00   2.1832166678691795e-01   0.0000000000000000e+00   2.0918585491995763e+00
   8.8300000000000001e-01   0.0000000000000000e+00   1.9435809642529861e-01   0.0000000000000000e+00   2.1832166678750628e-01   0.0000000000000000e+00   2.0918585493234838e+00
   8.8400000000000001e-01   0.0000000000000000e+00   1.9471299078995255e-01   0.0000000000000000e+00   2.1646995658643811e-01   0.0000000000000000e+00   2.0802885649286691e+00
   8.8500000000000001e-01   0.0000000000000000e+00   1.9506675204840013e-01   0.0000000000000000e+00   2.1459717367822181e-01   0.0000000000000000e+00   2.0688836743078900e+00
   8.8600000000000001e-01   0.0000000000000000e+00   1.9541998753411788e-01   0.0000000000000000e+00   2.1270354665247188e-01   0.0000000000000000e+00   2.0576460511024623e+00
   8.8700000000000001e-01   0.0000000000000000e+00   1.9577329837913718e-01   0.0000000000000000e+00   2.1078927801914291e-01   0.0000000000000000e+00   2.0465779882263710e+00
   8.8800000000000001e-01   0.0000000000000000e+00   1.9612728253484862e-01   0.0000000000000000e+00   2.0885454556395128e-01   0.0000000000000000e+00   2.0356819066294274e+00
   8.8900000000000001e-01   0.0000000000000000e+00   1.9648253775358168e-01   0.0000000000000000e+00   2.0689950350959946e-01   0.0000000000000000e+00   2.0249603646661662e+00
   8.9000000000000001e-01   0.0000000000000000e+00   1.9683966456425175e-01   0.0000000000000000e+00   2.0492428349245037e-01   0.0000000000000000e+00   2.0144160681994059e+00
   8.9100000000000001e-01   0.0000000000000000e+00   1.9719926927729559e-01   0.0000000000000000e+00   2.0292899536071446e-01   0.0000000000000000e+00   2.0040518815869137e+00
   8.9200000000000002e-01   0.0000000000000000e+00   1.9756196705273396e-01   0.0000000000000000e+00   2.0091372779863653e-01   0.0000000000000000e+00   1.9938708396964844e+00
   8.9300000000000002e-01   0.0000000000000000e+00   1.9792838506952629e-01   0.0000000000000000e+00   1.9887854877726704e-01   0.0000000000000000e+00   1.9838761611337565e+00
   8.9400000000000002e-01   0.0000000000000000e+00   1.9829916583517757e-01   0.0000000000000000e+00   1.9682350583041330e-01   0.0000000000000000e+00   1.9740712628660007e+00
   8.9500000000000002e-01   0.0000000000000000e+00   1.9867497068028414e-01   0.0000000000000000e+00   1.9474862615045238e-01   0.0000000000000000e+00   1.9644597764754141e+00
   8.9600000000000002e-01   0.0000000000000000e+00   1.9905648348545898e-01   0.0000000000000000e+00   1.9265391649639022e-01   0.0000000000000000e+00   1.9550455662884805e+00
   8.9700000000000002e-01   0.0000000000000000e+00   1.9944441469619714e-01   0.0000000000000000e+00   1.9053936290198345e-01   0.0000000000000000e+00   1.9458327496849619e+00
   8.9800000000000002e-01   0.0000000000000000e+00   1.9983950568728850e-01   0.0000000000000000e+00   1.8840493016844337e-01   0.0000000000000000e+00   1.9368257199259471e+00
   8.9900000000000002e-01   0.0000000000000000e+00   2.0024253354957175e-01   0.0000000000000000e+00   1.8625056112080235e-01   0.0000000000000000e+00   1.9280291719159230e+00
   9.0000000000000002e-01   0.0000000000000000e+00   2.0065431638284148e-01   0.0000000000000000e+00   1.8407617560191064e-01   0.0000000000000000e+00   1.9194481313710168e+00
   9.0000000000000002e-01   0.0000000000000000e+00   2.0065431638307882e-01   0.0000000000000000e+00   1.8407617560136644e-01   0.0000000000000000e+00   1.9194481313989054e+00
   9.0100000000000002e-01   0.0000000000000000e+00   2.0107571919400996e-01   0.0000000000000000e+00   1.8188166917121204e-01   0.0000000000000000e+00   1.9110879879740328e+00
   9.0100000000000002e-01   0.0000000000000000e+00   2.0107571919427197e-01   0.0000000000000000e+00   1.8188166917066437e-01   0.0000000000000000e+00   1.9110879880131624e+00
   9.0200000000000002e-01   0.0000000000000000e+00   2.0150766051840965e-01   0.0000000000000000e+00   1.7966691146742847e-01   0.0000000000000000e+00   1.9029545331945656e+00
   9.0300000000000002e-01   0.0000000000000000e+00   2.0195111990586442e-01   0.0000000000000000e+00   1.7743174418423177e-01   0.0000000000000000e+00   1.8950540036040282e+00
   9.0400000000000003e-01   0.0000000000000000e+00   2.0240714644131599e-01   0.0000000000000000e+00   1.7517597859639791e-01   0.0000000000000000e+00   1.8873931306798550e+00
   9.0500000000000003e-01   0.0000000000000000e+00   2.0287686850829520e-01   0.0000000000000000e+00   1.7289939255812437e-01   0.0000000000000000e+00   1.8799791983200711e+00
   9.0600000000000003e-01   0.0000000000000000e+00   2.0336150505028483e-01   0.0000000000000000e+00   1.7060172687624697e-01   0.0000000000000000e+00   1.8728201095591215e+00
   9.0700000000000003e-01   0.0000000000000000e+00   2.0386237864310316e-01   0.0000000000000000e+00   1.6828268093766913e-01   0.0000000000000000e+00   1.8659244643282979e+00
   9.0800000000000003e-01   0.0000000000000000e+00   2.0438093077405198e-01   0.0000000000000000e+00   1.6594190743694706e-01   0.0000000000000000e+00   1.8593016505656961e+00
   9.0900000000000003e-01   0.0000000000000000e+00   2.0491873981721428e-01   0.0000000000000000e+00   1.6357900601255407e-01   0.0000000000000000e+00   1.8529619515399078e+00
   9.1000000000000003e-01   0.0000000000000000e+00   2.0547754233428434e-01   0.0000000000000000e+00   1.6119351554398628e-01   0.0000000000000000e+00   1.8469166730539905e+00
   9.1100000000000003e-01   0.0000000000000000e+00   2.0605925849843518e-01   0.0000000000000000e+00   1.5878490479457907e-01   0.0000000000000000e+00   1.8411782951552316e+00
   9.1200000000000003e-01   0.0000000000000000e+00   2.0666602267861842e-01   0.0000000000000000e+00   1.5635256098856176e-01   0.0000000000000000e+00   1.8357606543698510e+00
   9.1300000000000003e-01   0.0000000000000000e+00   2.0730022053540681e-01   0.0000000000000000e+00   1.5389577578502714e-01   0.0000000000000000e+00   1.8306791642581977e+00
   9.1400000000000003e-01   0.0000000000000000e+00   2.0796453441824594e-01   0.0000000000000000e+00   1.5141372793516825e-01   0.0000000000000000e+00   1.8259510845930327e+00
   9.1500000000000004e-01   0.0000000000000000e+00   2.0866199945656741e-01   0.0000000000000000e+00   1.4890546166688956e-01   0.0000000000000000e+00   1.8215958528905569e+00
   9.1600000000000004e-01   0.0000000000000000e+00   2.0939607359640933e-01   0.0000000000000000e+00   1.4636985949496037e-01   0.0000000000000000e+00   1.8176354968780417e+00
   9.1700000000000004e-01   0.0000000000000000e+00   2.1017072606490711e-01   0.0000000000000000e+00   1.4380560765894057e-01   0.0000000000000000e+00   1.8140951534329546e+00
   9.1800000000000004e-01   0.0000000000000000e+00   2.1099055053874427e-01   0.0000000000000000e+00   1.4121115166731099e-01   0.0000000000000000e+00   1.8110037296252524e+00
   9.1900000000000004e-01   0.0000000000000000e+00   2.1186091198983956e-01   0.0000000000000000e+00   1.3858463833659204e-01   0.0000000000000000e+00   1.8083947566176357e+00
   9.2000000000000004e-01   0.0000000000000000e+00   2.1278814028815293e-01   0.0000000000000000e+00   1.3592383905315084e-01   0.0000000000000000e+00   1.8063075101207813e+00
   9.2100000000000004e-01   0.0000000000000000e+00   2.1377979008748119e-01   0.0000000000000000e+00   1.3322604637470220e-01   0.0000000000000000e+00   1.8047885070684941e+00
   9.2200000000000004e-01   0.0000000000000000e+00   2.1484499694590933e-01   0.0000000000000000e+00   1.3048793186084065e-01   0.0000000000000000e+00   1.8038935460379624e+00
   9.2300000000000004e-01   0.0000000000000000e+00   2.1599497712751733e-01   0.0000000000000000e+00   1.2770534590775656e-01   0.0000000000000000e+00   1.8036905562594003e+00
   9.2400000000000004e-01   0.0000000000000000e+00   2.1724374813622938e-01   0.0000000000000000e+00   1.2487302840474233e-01   0.0000000000000000e+00   1.8042636808329926e+00
   9.2500000000000004e-01   0.0000000000000000e+00   2.1860920384574278e-01   0.0000000000000000e+00   1.2198417567519687e-01   0.0000000000000000e+00   1.8057193400932086e+00
   9.2600000000000005e-01   0.0000000000000000e+00   2.2011478047058922e-01   0.0000000000000000e+00   1.1902976782978894e-01   0.0000000000000000e+00   1.8081955700156154e+00
   9.2700000000000005e-01   0.0000000000000000e+00   2.2179216843993696e-01   0.0000000000000000e+00   1.1599747099447395e-01   0.0000000000000000e+00   1.8118771392083000e+00
   9.2800000000000005e-01   0.0000000000000000e+00   2.2368600252891940e-01   0.0000000000000000e+00   1.1286973413564151e-01   0.0000000000000000e+00   1.8170215416775601e+00
   9.2800000000000005e-01   0.0000000000000000e+00   2.2368600253245841e-01   0.0000000000000000e+00   1.1286973413408187e-01   0.0000000000000000e+00   1.8170215430837167e+00
   9.2820000000000003e-01   0.0000000000000000e+00   2.2409604597443528e-01   0.0000000000000000e+00   1.1223063356113219e-01   0.0000000000000000e+00   1.8182563021747737e+00
   9.2840000000000000e-01   0.0000000000000000e+00   2.2451795313248940e-01   0.0000000000000000e+00   1.1158644279067831e-01   0.0000000000000000e+00   1.8195678613819974e+00
   9.2859999999999998e-01   0.0000000000000000e+00   2.2495246379080228e-01   0.0000000000000000e+00   1.1093686640892825e-01   0.0000000000000000e+00   1.8209604122505039e+00
   9.2879999999999996e-01   0.0000000000000000e+00   2.2540039227340736e-01   0.0000000000000000e+00   1.1028157870819411e-01   0.0000000000000000e+00   1.8224385517083306e+00
   9.2899999999999994e-01   0.0000000000000000e+00   2.2586264140576684e-01   0.0000000000000000e+00   1.0962021800597217e-01   0.0000000000000000e+00   1.8240073665498793e+00
   9.2900000000000005e-01   0.0000000000000000e+00   2.2586264162713779e-01   0.0000000000000000e+00   1.0962021791507423e-01   0.0000000000000000e+00   1.8240073682943347e+00
   9.2919999999999991e-01   0.0000000000000000e+00   2.2634021582411326e-01   0.0000000000000000e+00   1.0895238120444010e-01   0.0000000000000000e+00   1.8256725039309314e+00
   9.2939999999999989e-01   0.0000000000000000e+00   2.2683423872516004e-01   0.0000000000000000e+00   1.0827761694548051e-01   0.0000000000000000e+00   1.8274402625283368e+00
   9.2959999999999987e-01   0.0000000000000000e+00   2.2734597233378986e-01   0.0000000000000000e+00   1.0759541724279338e-01   0.0000000000000000e+00   1.8293177038059469e+00
   9.2979999999999985e-01   0.0000000000000000e+00   2.2787684314647469e-01   0.0000000000000000e+00   1.0690520715711306e-01   0.0000000000000000e+00   1.8313127890678229e+00
   9.3000000000000005e-01   0.0000000000000000e+00   2.2842847373729289e-01   0.0000000000000000e+00   1.0620633178200423e-01   0.0000000000000000e+00   1.8334345528950855e+00
   9.3100000000000005e-01   0.0000000000000000e+00   2.3157456772378188e-01   0.0000000000000000e+00   1.0255098725578912e-01   0.0000000000000000e+00   1.8463674012072511e+00
   9.3200000000000005e-01   0.0000000000000000e+00   2.3571752330932547e-01   0.0000000000000000e+00   9.8484904312962210e-02   0.0000000000000000e+00   1.8650962608331889e+00
   9.3300000000000005e-01   0.0000000000000000e+00   2.4227309119687002e-01   0.0000000000000000e+00   9.3428900672340470e-02   0.0000000000000000e+00   1.8972901460724159e+00
   9.3300000000000005e-01   0.0000000000000000e+00   2.4227309123982346e-01   0.0000000000000000e+00   9.3428900654701788e-02   0.0000000000000000e+00   1.8972901621263374e+00
   9.3310000000000004e-01   0.0000000000000000e+00   2.4326689073277583e-01   0.0000000000000000e+00   9.2784458381896723e-02   0.0000000000000000e+00   1.9023535624602765e+00
   9.3320000000000003e-01   0.0000000000000000e+00   2.4440618481631030e-01   0.0000000000000000e+00   9.2080218748784026e-02   0.0000000000000000e+00   1.9082008189166424e+00
   9.3329999999547919e-01   0.0000000000000000e+00   2.4576795557966299e-01   0.0000000000000000e+00   9.1284482073364689e-02   0.0000000000000000e+00   1.9152419417475006e+00
   9.3330000000000002e-01   0.0000000000000000e+00   2.4576795557966324e-01   0.0000000000000000e+00   9.1284482062709893e-02   0.0000000000000000e+00   1.9152419202742024e+00
   9.3340000000000001e-01   0.0000000000000000e+00   2.4753760782985687e-01   0.0000000000000000e+00   9.0320864991330282e-02   0.0000000000000000e+00   1.9244628103849883e+00
   9.3339999999616696e-01   0.0000000000000000e+00   2.4753760782985701e-01   0.0000000000000000e+00   9.0320865000346334e-02   0.0000000000000000e+00   1.9244628362558136e+00
   9.3346830254006885e-01   0.0000000000000000e+00   2.4930726008005102e-01   0.0000000000000000e+00   8.9431627309201289e-02   0.0000000000000000e+00   1.9337477619653394e+00
   9.3350702533693730e-01   0.0000000000000000e+00   2.5107691233024498e-01   0.0000000000000000e+00   8.8611583050601780e-02   0.0000000000000000e+00   1.9430813750210696e+00
   9.3350702533911800e-01   0.0000000000000000e+00   2.5107691233024504e-01   0.0000000000000000e+00   8.8611583045501360e-02   0.0000000000000000e+00   1.9430813744549993e+00
   9.3351808062287767e-01   0.0000000000000000e+00   2.5284656458043903e-01   0.0000000000000000e+00   8.7856031062110596e-02   0.0000000000000000e+00   1.9524501641306971e+00
   9.3351808062491992e-01   0.0000000000000000e+00   2.5284656458043908e-01   0.0000000000000000e+00   8.7856031057350112e-02   0.0000000000000000e+00   1.9524501636111893e+00
   9.3350319940331195e-01   0.0000000000000000e+00   2.5461621683063307e-01   0.0000000000000000e+00   8.7160700310892264e-02   0.0000000000000000e+00   1.9618422076187774e+00
   9.3346395227872370e-01   0.0000000000000000e+00   2.5638586908082711e-01   0.0000000000000000e+00   8.6521702550974036e-02   0.0000000000000000e+00   1.9712469620246025e+00
   9.3340176691072452e-01   0.0000000000000000e+00   2.5815552133102115e-01   0.0000000000000000e+00   8.5935492316063913e-02   0.0000000000000000e+00   1.9806550854335891e+00
   9.3331794392578205e-01   0.0000000000000000e+00   2.5992517358121520e-01   0.0000000000000000e+00   8.5398830198528716e-02   0.0000000000000000e+00   1.9900582864074348e+00
   9.3321367041515335e-01   0.0000000000000000e+00   2.6169482583140924e-01   0.0000000000000000e+00   8.4908751469207497e-02   0.0000000000000000e+00   1.9994491950302007e+00
   9.3309003200447138e-01   0.0000000000000000e+00   2.6346447808160328e-01   0.0000000000000000e+00   8.4462537854448613e-02   0.0000000000000000e+00   2.0088212511529200e+00
   9.3294802309670599e-01   0.0000000000000000e+00   2.6523413033179699e-01   0.0000000000000000e+00   8.4057693422106949e-02   0.0000000000000000e+00   2.0181686103844569e+00
   9.3294802309720870e-01   0.0000000000000000e+00   2.6523413033179732e-01   0.0000000000000000e+00   8.4057693420973661e-02   0.0000000000000000e+00   2.0181686102665424e+00
   9.3278855622774470e-01   0.0000000000000000e+00   2.6700378258199098e-01   0.0000000000000000e+00   8.3691922464244298e-02   0.0000000000000000e+00   2.0274860602270985e+00
   9.3278855622823076e-01   0.0000000000000000e+00   2.6700378258199137e-01   0.0000000000000000e+00   8.3691922463154614e-02   0.0000000000000000e+00   2.0274860601199145e+00
   9.3261247015148740e-01   0.0000000000000000e+00   2.6877343483218497e-01   0.0000000000000000e+00   8.3363110273909469e-02   0.0000000000000000e+00   2.0367689494552415e+00
   9.3242053702494454e-01   0.0000000000000000e+00   2.7054308708237895e-01   0.0000000000000000e+00   8.3069305985897429e-02   0.0000000000000000e+00   2.0460131258758039e+00
   9.3221346876577638e-01   0.0000000000000000e+00   2.7231273933257294e-01   0.0000000000000000e+00   8.2808707325768019e-02   0.0000000000000000e+00   2.0552148817308029e+00
   9.3199192276903919e-01   0.0000000000000000e+00   2.7408239158276693e-01   0.0000000000000000e+00   8.2579646857036587e-02   0.0000000000000000e+00   2.0643709063607147e+00
   9.3175650684627342e-01   0.0000000000000000e+00   2.7585204383296091e-01   0.0000000000000000e+00   8.2380580021688604e-02   0.0000000000000000e+00   2.0734782451251252e+00
   9.3150778378570931e-01   0.0000000000000000e+00   2.7762169608315490e-01   0.0000000000000000e+00   8.2210074094545421e-02   0.0000000000000000e+00   2.0825342624785352e+00
   9.3124627535445026e-01   0.0000000000000000e+00   2.7939134833334889e-01   0.0000000000000000e+00   8.2066798440965302e-02   0.0000000000000000e+00   2.0915366098640114e+00
   9.3124627535425686e-01   0.0000000000000000e+00   2.7939134833334900e-01   0.0000000000000000e+00   8.2066798441373420e-02   0.0000000000000000e+00   2.0915366099081276e+00
   9.3097246589456628e-01   0.0000000000000000e+00   2.8116100058354287e-01   0.0000000000000000e+00   8.1949515739469736e-02   0.0000000000000000e+00   2.1004831972436175e+00
   9.3097246589435401e-01   0.0000000000000000e+00   2.8116100058354299e-01   0.0000000000000000e+00   8.1949515739919987e-02   0.0000000000000000e+00   2.1004831972832059e+00
   9.3068680554747341e-01   0.0000000000000000e+00   2.8293065283373697e-01   0.0000000000000000e+00   8.1857074088817497e-02   0.0000000000000000e+00   2.1093721679041653e+00
   9.3038971316342467e-01   0.0000000000000000e+00   2.8470030508393096e-01   0.0000000000000000e+00   8.1788399868272660e-02   0.0000000000000000e+00   2.1182018760467103e+00
   9.3008157890813203e-01   0.0000000000000000e+00   2.8646995733412495e-01   0.0000000000000000e+00   8.1742491323119587e-02   0.0000000000000000e+00   2.1269708668739153e+00
   9.2976276661868540e-01   0.0000000000000000e+00   2.8823960958431893e-01   0.0000000000000000e+00   8.1718412752142366e-02   0.0000000000000000e+00   2.1356778588396068e+00
   9.2943361595527718e-01   0.0000000000000000e+00   2.9000926183451292e-01   0.0000000000000000e+00   8.1715289199991506e-02   0.0000000000000000e+00   2.1443217276151949e+00
   9.2909444429269528e-01   0.0000000000000000e+00   2.9177891408470691e-01   0.0000000000000000e+00   8.1732301754828401e-02   0.0000000000000000e+00   2.1529014920676532e+00
   9.2874554849273572e-01   0.0000000000000000e+00   2.9354856633490090e-01   0.0000000000000000e+00   8.1768683161058994e-02   0.0000000000000000e+00   2.1614163013329608e+00
   9.2838720647960626e-01   0.0000000000000000e+00   2.9531821858509488e-01   0.0000000000000000e+00   8.1823713898270145e-02   0.0000000000000000e+00   2.1698654233584778e+00
   9.2801967869137469e-01   0.0000000000000000e+00   2.9708787083528887e-01   0.0000000000000000e+00   8.1896718567624538e-02   0.0000000000000000e+00   2.1782482345372021e+00
   9.2764320937754774e-01   0.0000000000000000e+00   2.9885752308548286e-01   0.0000000000000000e+00   8.1987062651180498e-02   0.0000000000000000e+00   2.1865642103690397e+00
   9.2725802781439248e-01   0.0000000000000000e+00   3.0062717533567684e-01   0.0000000000000000e+00   8.2094149478648404e-02   0.0000000000000000e+00   2.1948129169663386e+00
   9.2725802781431010e-01   0.0000000000000000e+00   3.0062717533567701e-01   0.0000000000000000e+00   8.2094149478804737e-02   0.0000000000000000e+00   2.1948129169807711e+00
   9.2686434937601059e-01   0.0000000000000000e+00   3.0239682758587083e-01   0.0000000000000000e+00   8.2217417542033391e-02   0.0000000000000000e+00   2.2029940034339335e+00
   9.2646237654758246e-01   0.0000000000000000e+00   3.0416647983606482e-01   0.0000000000000000e+00   8.2356337959286666e-02   0.0000000000000000e+00   2.2111071948737546e+00
   9.2646237654751606e-01   0.0000000000000000e+00   3.0416647983606498e-01   0.0000000000000000e+00   8.2356337959405862e-02   0.0000000000000000e+00   2.2111071948881875e+00
   9.2563429859982593e-01   0.0000000000000000e+00   3.0770578433645296e-01   0.0000000000000000e+00   8.2679169937667996e-02   0.0000000000000000e+00   2.2271291357387772e+00
   9.2477518882720411e-01   0.0000000000000000e+00   3.1124508883684093e-01   0.0000000000000000e+00   8.3058984583370951e-02   0.0000000000000000e+00   2.2428778338756157e+00
   9.2388628689323626e-01   0.0000000000000000e+00   3.1478439333722891e-01   0.0000000000000000e+00   8.3492514739317694e-02   0.0000000000000000e+00   2.2583532488822304e+00
   9.2296869727391440e-01   0.0000000000000000e+00   3.1832369783761688e-01   0.0000000000000000e+00   8.3976836449860870e-02   0.0000000000000000e+00   2.2735560704899531e+00
   9.2202340621997692e-01   0.0000000000000000e+00   3.2186300233800486e-01   0.0000000000000000e+00   8.4509326067682439e-02   0.0000000000000000e+00   2.2884876049961580e+00
   9.2105129624117632e-01   0.0000000000000000e+00   3.2540230683839283e-01   0.0000000000000000e+00   8.5087623564150325e-02   0.0000000000000000e+00   2.3031496792498909e+00
   9.2005315847312374e-01   0.0000000000000000e+00   3.2894161133878080e-01   0.0000000000000000e+00   8.5709601139213082e-02   0.0000000000000000e+00   2.3175445591954880e+00
   9.2005315847307423e-01   0.0000000000000000e+00   3.2894161133878103e-01   0.0000000000000000e+00   8.5709601139296571e-02   0.0000000000000000e+00   2.3175445592025952e+00
   9.1902970331397904e-01   0.0000000000000000e+00   3.3248091583916878e-01   0.0000000000000000e+00   8.6373336180595325e-02   0.0000000000000000e+00   2.3316748803949099e+00
   9.1902970331395684e-01   0.0000000000000000e+00   3.3248091583916900e-01   0.0000000000000000e+00   8.6373336180628660e-02   0.0000000000000000e+00   2.3316748803986949e+00
   9.1798156960202315e-01   0.0000000000000000e+00   3.3602022033955697e-01   0.0000000000000000e+00   8.7077087904550543e-02   0.0000000000000000e+00   2.3455435885496687e+00
   9.1690933252842421e-01   0.0000000000000000e+00   3.3955952483994495e-01   0.0000000000000000e+00   8.7819277166528653e-02   0.0000000000000000e+00   2.3591538884896091e+00
   9.1581351052758986e-01   0.0000000000000000e+00   3.4309882934033292e-01   0.0000000000000000e+00   8.8598468874420397e-02   0.0000000000000000e+00   2.3725092001392891e+00
   9.1469457125694009e-01   0.0000000000000000e+00   3.4663813384072090e-01   0.0000000000000000e+00   8.9413356693798338e-02   0.0000000000000000e+00   2.3856131205431361e+00
   9.1355293683496130e-01   0.0000000000000000e+00   3.5017743834110887e-01   0.0000000000000000e+00   9.0262749639818174e-02   0.0000000000000000e+00   2.3984693909290562e+00
   9.1238898840915550e-01   0.0000000000000000e+00   3.5371674284149685e-01   0.0000000000000000e+00   9.1145560362832986e-02   0.0000000000000000e+00   2.4110818681687478e+00
   9.1120307018087754e-01   0.0000000000000000e+00   3.5725604734188482e-01   0.0000000000000000e+00   9.2060794819038130e-02   0.0000000000000000e+00   2.4234544999337126e+00
   9.0999549293751114e-01   0.0000000000000000e+00   3.6079535184227279e-01   0.0000000000000000e+00   9.3007543190068959e-02   0.0000000000000000e+00   2.4355913030907939e+00
   9.0876653717167899e-01   0.0000000000000000e+00   3.6433465634266077e-01   0.0000000000000000e+00   9.3984971854841504e-02   0.0000000000000000e+00   2.4474963448796907e+00
   9.0751645584200658e-01   0.0000000000000000e+00   3.6787396084304874e-01   0.0000000000000000e+00   9.4992316275483893e-02   0.0000000000000000e+00   2.4591737264817892e+00
   9.0624547681831380e-01   0.0000000000000000e+00   3.7141326534343672e-01   0.0000000000000000e+00   9.6028874687124580e-02   0.0000000000000000e+00   2.4706275687138306e+00
   9.0495380505715461e-01   0.0000000000000000e+00   3.7495256984382469e-01   0.0000000000000000e+00   9.7094002477148444e-02   0.0000000000000000e+00   2.4818619995327031e+00
   9.0364162452749930e-01   0.0000000000000000e+00   3.7849187434421266e-01   0.0000000000000000e+00   9.8187107197959880e-02   0.0000000000000000e+00   2.4928811431635141e+00
   9.0230909994176178e-01   0.0000000000000000e+00   3.8203117884460064e-01   0.0000000000000000e+00   9.9307644082752083e-02   0.0000000000000000e+00   2.5036891106258161e+00
   9.0095637829379405e-01   0.0000000000000000e+00   3.8557048334498861e-01   0.0000000000000000e+00   1.0045511205091495e-01   0.0000000000000000e+00   2.5142899914858883e+00
   8.9958359023712264e-01   0.0000000000000000e+00   3.8910978784537659e-01   0.0000000000000000e+00   1.0162905012260220e-01   0.0000000000000000e+00   2.5246878467243490e+00
   8.9819085132084309e-01   0.0000000000000000e+00   3.9264909234576456e-01   0.0000000000000000e+00   1.0282903419671371e-01   0.0000000000000000e+00   2.5348867025462392e+00
   8.9819085132084120e-01   0.0000000000000000e+00   3.9264909234576501e-01   0.0000000000000000e+00   1.0282903419670766e-01   0.0000000000000000e+00   2.5348867025477917e+00
   8.9677826310444997e-01   0.0000000000000000e+00   3.9618839684615254e-01   0.0000000000000000e+00   1.0405467414458913e-01   0.0000000000000000e+00   2.5448905450413513e+00
   8.9677826310444542e-01   0.0000000000000000e+00   3.9618839684615298e-01   0.0000000000000000e+00   1.0405467414458867e-01   0.0000000000000000e+00   2.5448905450429575e+00
   8.9534591414710873e-01   0.0000000000000000e+00   3.9972770134654095e-01   0.0000000000000000e+00   1.0530561121124818e-01   0.0000000000000000e+00   2.5547033156167078e+00
   8.9389388091093536e-01   0.0000000000000000e+00   4.0326700584692893e-01   0.0000000000000000e+00   1.0658151565002094e-01   0.0000000000000000e+00   2.5643289070723783e+00
   8.9242222857127362e-01   0.0000000000000000e+00   4.0680631034731690e-01   0.0000000000000000e+00   1.0788208458922545e-01   0.0000000000000000e+00   2.5737711602830915e+00
   8.9093101174788580e-01   0.0000000000000000e+00   4.1034561484770488e-01   0.0000000000000000e+00   1.0920704010175104e-01   0.0000000000000000e+00   2.5830338614012849e+00
   8.8942027516432942e-01   0.0000000000000000e+00   4.1388491934809285e-01   0.0000000000000000e+00   1.1055612745753376e-01   0.0000000000000000e+00   2.5921207395225951e+00
   8.8789005424549416e-01   0.0000000000000000e+00   4.1742422384848082e-01   0.0000000000000000e+00   1.1192911353457848e-01   0.0000000000000000e+00   2.6010354647756833e+00
   8.8634037565852530e-01   0.0000000000000000e+00   4.2096352834886880e-01   0.0000000000000000e+00   1.1332578537446093e-01   0.0000000000000000e+00   2.6097816467664754e+00
   8.8477125780363075e-01   0.0000000000000000e+00   4.2450283284925677e-01   0.0000000000000000e+00   1.1474594886605111e-01   0.0000000000000000e+00   2.6183628333616196e+00
   8.8318271125504422e-01   0.0000000000000000e+00   4.2804213734964475e-01   0.0000000000000000e+00   1.1618942755431454e-01   0.0000000000000000e+00   2.6267825097590793e+00
   8.8157473916715523e-01   0.0000000000000000e+00   4.3158144185003272e-01   0.0000000000000000e+00   1.1765606154078627e-01   0.0000000000000000e+00   2.6350440978053493e+00
   8.7994733763768362e-01   0.0000000000000000e+00   4.3512074635042070e-01   0.0000000000000000e+00   1.1914570649061032e-01   0.0000000000000000e+00   2.6431509555593764e+00
   8.7830049603783156e-01   0.0000000000000000e+00   4.3866005085080867e-01   0.0000000000000000e+00   1.2065823272367239e-01   0.0000000000000000e+00   2.6511063770454832e+00
   8.7663419731057102e-01   0.0000000000000000e+00   4.4219935535119664e-01   0.0000000000000000e+00   1.2219352438582647e-01   0.0000000000000000e+00   2.6589135921940561e+00
   8.7494841824922021e-01   0.0000000000000000e+00   4.4573865985158462e-01   0.0000000000000000e+00   1.2375147867370784e-01   0.0000000000000000e+00   2.6665757669307322e+00
   8.7324312973469509e-01   0.0000000000000000e+00   4.4927796435197259e-01   0.0000000000000000e+00   1.2533200515631127e-01   0.0000000000000000e+00   2.6740960034174530e+00
   8.7151829696733629e-01   0.0000000000000000e+00   4.5281726885236057e-01   0.0000000000000000e+00   1.2693502511823079e-01   0.0000000000000000e+00   2.6814773404039784e+00
   8.6977387966069430e-01   0.0000000000000000e+00   4.5635657335274854e-01   0.0000000000000000e+00   1.2856047099052545e-01   0.0000000000000000e+00   2.6887227536986980e+00
   8.6977387966067687e-01   0.0000000000000000e+00   4.5635657335274898e-01   0.0000000000000000e+00   1.2856047099054921e-01   0.0000000000000000e+00   2.6887227537000276e+00
   8.6800983222958283e-01   0.0000000000000000e+00   4.5989587785313651e-01   0.0000000000000000e+00   1.3020828580190344e-01   0.0000000000000000e+00   2.6958351567250132e+00
   8.6800983222956940e-01   0.0000000000000000e+00   4.5989587785313701e-01   0.0000000000000000e+00   1.3020828580191979e-01   0.0000000000000000e+00   2.6958351567260350e+00
   8.6622610395155852e-01   0.0000000000000000e+00   4.6343518235352504e-01   0.0000000000000000e+00   1.3187842269204816e-01   0.0000000000000000e+00   2.7028174011607926e+00
   8.6442263911204242e-01   0.0000000000000000e+00   4.6697448685391307e-01   0.0000000000000000e+00   1.3357084446525633e-01   0.0000000000000000e+00   2.7096722776559639e+00
   8.6259937713996315e-01   0.0000000000000000e+00   4.7051379135430110e-01   0.0000000000000000e+00   1.3528552316972675e-01   0.0000000000000000e+00   2.7164025166026105e+00
   8.6075625272484657e-01   0.0000000000000000e+00   4.7405309585468913e-01   0.0000000000000000e+00   1.3702243972024231e-01   0.0000000000000000e+00   2.7230107889629060e+00
   8.5889319591816349e-01   0.0000000000000000e+00   4.7759240035507716e-01   0.0000000000000000e+00   1.3878158355780559e-01   0.0000000000000000e+00   2.7294997071402292e+00
   8.5701013222934086e-01   0.0000000000000000e+00   4.8113170485546519e-01   0.0000000000000000e+00   1.4056295232461827e-01   0.0000000000000000e+00   2.7358718258865391e+00
   8.5510698270575392e-01   0.0000000000000000e+00   4.8467100935585322e-01   0.0000000000000000e+00   1.4236655157548064e-01   0.0000000000000000e+00   2.7421296432435089e+00
   8.5318366400224510e-01   0.0000000000000000e+00   4.8821031385624125e-01   0.0000000000000000e+00   1.4419239451383983e-01   0.0000000000000000e+00   2.7482756015050374e+00
   8.5124008844076926e-01   0.0000000000000000e+00   4.9174961835662928e-01   0.0000000000000000e+00   1.4604050175082126e-01   0.0000000000000000e+00   2.7543120882058378e+00
   8.4927616406347994e-01   0.0000000000000000e+00   4.9528892285701731e-01   0.0000000000000000e+00   1.4791090108016644e-01   0.0000000000000000e+00   2.7602414371191633e+00
   8.4729179467097526e-01   0.0000000000000000e+00   4.9882822735740534e-01   0.0000000000000000e+00   1.4980362728522853e-01   0.0000000000000000e+00   2.7660659292713512e+00
   8.4528687985998729e-01   0.0000000000000000e+00   5.0236753185779337e-01   0.0000000000000000e+00   1.5171872194861988e-01   0.0000000000000000e+00   2.7717877939614022e+00
   8.4399999999999997e-01   0.0000000000000000e+00   5.0462030528404267e-01   0.0000000000000000e+00   1.5294935470631602e-01   0.0000000000000000e+00   2.7753773197283440e+00
   8.4326131504726676e-01   0.0000000000000000e+00   5.0590683635818134e-01   0.0000000000000000e+00   1.5365623329352551e-01   0.0000000000000000e+00   2.7774092097835337e+00
   8.4299999999999997e-01   0.0000000000000000e+00   5.0636081608148287e-01   0.0000000000000000e+00   1.5390637893200956e-01   0.0000000000000000e+00   2.7781230992061126e+00
   8.4199999999999997e-01   0.0000000000000000e+00   5.0809264864898718e-01   0.0000000000000000e+00   1.5486402687228223e-01   0.0000000000000000e+00   2.7808316535946394e+00
   8.4099999999999997e-01   0.0000000000000000e+00   5.0981590904987251e-01   0.0000000000000000e+00   1.5582228377561655e-01   0.0000000000000000e+00   2.7835037421620346e+00
   8.3999999999999997e-01   0.0000000000000000e+00   5.1153070091081954e-01   0.0000000000000000e+00   1.5678113537292374e-01   0.0000000000000000e+00   2.7861401031463435e+00
   8.3899999999999997e-01   0.0000000000000000e+00   5.1323712549369283e-01   0.0000000000000000e+00   1.5774056786332533e-01   0.0000000000000000e+00   2.7887414544950735e+00
   8.3799999999999997e-01   0.0000000000000000e+00   5.1493528178203896e-01   0.0000000000000000e+00   1.5870056789020334e-01   0.0000000000000000e+00   2.7913084945859397e+00
   8.3699999999999997e-01   0.0000000000000000e+00   5.1662526654956309e-01   0.0000000000000000e+00   1.5966112252681683e-01   0.0000000000000000e+00   2.7938419029044490e+00
   8.3599999999999997e-01   0.0000000000000000e+00   5.1830717444008678e-01   0.0000000000000000e+00   1.6062221925411041e-01   0.0000000000000000e+00   2.7963423407001251e+00
   8.3499999999999996e-01   0.0000000000000000e+00   5.1998109803158576e-01   0.0000000000000000e+00   1.6158384594697375e-01   0.0000000000000000e+00   2.7988104516139143e+00
   8.3399999999999996e-01   0.0000000000000000e+00   5.2164712790052536e-01   0.0000000000000000e+00   1.6254599085943622e-01   0.0000000000000000e+00   2.8012468622742390e+00
   8.3299999999999996e-01   0.0000000000000000e+00   5.2330535269161937e-01   0.0000000000000000e+00   1.6350864260571066e-01   0.0000000000000000e+00   2.8036521828729670e+00
   8.3199999999999996e-01   0.0000000000000000e+00   5.2495585917370757e-01   0.0000000000000000e+00   1.6447179014868260e-01   0.0000000000000000e+00   2.8060270077173506e+00
   8.3099999999999996e-01   0.0000000000000000e+00   5.2659873229338139e-01   0.0000000000000000e+00   1.6543542278895079e-01   0.0000000000000000e+00   2.8083719157495040e+00
   8.2999999999999996e-01   0.0000000000000000e+00   5.2823405524873912e-01   0.0000000000000000e+00   1.6639953014112721e-01   0.0000000000000000e+00   2.8106874710758873e+00
   8.2999999999999996e-01   0.0000000000000000e+00   5.2823405525100231e-01   0.0000000000000000e+00   1.6639953013969630e-01   0.0000000000000000e+00   2.8106874710785639e+00
   8.2899999999999996e-01   0.0000000000000000e+00   5.2986190951949952e-01   0.0000000000000000e+00   1.6736410213501937e-01   0.0000000000000000e+00   2.8129742234198520e+00
   8.2799999999999996e-01   0.0000000000000000e+00   5.3148237492848982e-01   0.0000000000000000e+00   1.6832912899854047e-01   0.0000000000000000e+00   2.8152327086044018e+00
   8.2699999999999996e-01   0.0000000000000000e+00   5.3309552969728036e-01   0.0000000000000000e+00   1.6929460124187889e-01   0.0000000000000000e+00   2.8174634490085730e+00
   8.2599999999999996e-01   0.0000000000000000e+00   5.3470145048574724e-01   0.0000000000000000e+00   1.7026050965179246e-01   0.0000000000000000e+00   2.8196669539844224e+00
   8.2499999999999996e-01   0.0000000000000000e+00   5.3630021243723036e-01   0.0000000000000000e+00   1.7122684528154036e-01   0.0000000000000000e+00   2.8218437202741353e+00
   8.2399999999999995e-01   0.0000000000000000e+00   5.3789188922716524e-01   0.0000000000000000e+00   1.7219359943810639e-01   0.0000000000000000e+00   2.8239942324058513e+00
   8.2299999999999995e-01   0.0000000000000000e+00   5.3947655310261677e-01   0.0000000000000000e+00   1.7316076367441685e-01   0.0000000000000000e+00   2.8261189630806176e+00
   8.2199999999999995e-01   0.0000000000000000e+00   5.4105427492014757e-01   0.0000000000000000e+00   1.7412832978201404e-01   0.0000000000000000e+00   2.8282183735300199e+00
   8.2099999999999995e-01   0.0000000000000000e+00   5.4262512419047881e-01   0.0000000000000000e+00   1.7509628977903674e-01   0.0000000000000000e+00   2.8302929138795827e+00
   8.1999999999999995e-01   0.0000000000000000e+00   5.4418916910827841e-01   0.0000000000000000e+00   1.7606463590681190e-01   0.0000000000000000e+00   2.8323430234799805e+00
   8.1899999999999995e-01   0.0000000000000000e+00   5.4574647659820130e-01   0.0000000000000000e+00   1.7703336061596273e-01   0.0000000000000000e+00   2.8343691312411172e+00
   8.1799999999999995e-01   0.0000000000000000e+00   5.4729711234039302e-01   0.0000000000000000e+00   1.7800245656467861e-01   0.0000000000000000e+00   2.8363716559419423e+00
   8.1699999999999995e-01   0.0000000000000000e+00   5.4884114080911850e-01   0.0000000000000000e+00   1.7897191660845083e-01   0.0000000000000000e+00   2.8383510065354258e+00
   8.1700000000000006e-01   0.0000000000000000e+00   5.4884114080913127e-01   0.0000000000000000e+00   1.7897191660845041e-01   0.0000000000000000e+00   2.8383510065362412e+00
   8.1599999999999995e-01   0.0000000000000000e+00   5.5037862530483872e-01   0.0000000000000000e+00   1.7994173379341566e-01   0.0000000000000000e+00   2.8403075824451895e+00
   8.1600000000000006e-01   0.0000000000000000e+00   5.5037862530484616e-01   0.0000000000000000e+00   1.7994173379341849e-01   0.0000000000000000e+00   2.8403075824461661e+00
   8.1500000000000006e-01   0.0000000000000000e+00   5.5190962798250298e-01   0.0000000000000000e+00   1.8091190135159629e-01   0.0000000000000000e+00   2.8422417738394681e+00
   8.1400000000000006e-01   0.0000000000000000e+00   5.5343420988529302e-01   0.0000000000000000e+00   1.8188241269236127e-01   0.0000000000000000e+00   2.8441539619060272e+00
   8.1300000000000006e-01   0.0000000000000000e+00   5.5495243097200497e-01   0.0000000000000000e+00   1.8285326139749103e-01   0.0000000000000000e+00   2.8460445191167061e+00
   8.1200000000000006e-01   0.0000000000000000e+00   5.5646435014347684e-01   0.0000000000000000e+00   1.8382444121639896e-01   0.0000000000000000e+00   2.8479138094763949e+00
   8.1100000000000005e-01   0.0000000000000000e+00   5.5797002527348305e-01   0.0000000000000000e+00   1.8479594605823771e-01   0.0000000000000000e+00   2.8497621887680133e+00
   8.1000000000000005e-01   0.0000000000000000e+00   5.5946951323132832e-01   0.0000000000000000e+00   1.8576776998884115e-01   0.0000000000000000e+00   2.8515900047867744e+00
   8.0900000000000005e-01   0.0000000000000000e+00   5.6096286990951449e-01   0.0000000000000000e+00   1.8673990722411568e-01   0.0000000000000000e+00   2.8533975975675747e+00
   8.0900000000000005e-01   0.0000000000000000e+00   5.6096286990953381e-01   0.0000000000000000e+00   1.8673990722411007e-01   0.0000000000000000e+00   2.8533975975680850e+00
   8.0800000000000005e-01   0.0000000000000000e+00   5.6245015024658318e-01   0.0000000000000000e+00   1.8771235212621390e-01   0.0000000000000000e+00   2.8551852996045373e+00
   8.0800000000000005e-01   0.0000000000000000e+00   5.6245015024660283e-01   0.0000000000000000e+00   1.8771235212620835e-01   0.0000000000000000e+00   2.8551852996050555e+00
   8.0700000000000005e-01   0.0000000000000000e+00   5.6393140825139842e-01   0.0000000000000000e+00   1.8868509919838852e-01   0.0000000000000000e+00   2.8569534360613886e+00
   8.0600000000000005e-01   0.0000000000000000e+00   5.6540669702827029e-01   0.0000000000000000e+00   1.8965814307906065e-01   0.0000000000000000e+00   2.8587023249754440e+00
   8.0500000000000005e-01   0.0000000000000000e+00   5.6687606879264085e-01   0.0000000000000000e+00   1.9063147854158202e-01   0.0000000000000000e+00   2.8604322774557751e+00
   8.0400000000000005e-01   0.0000000000000000e+00   5.6833957490112519e-01   0.0000000000000000e+00   1.9160510048459350e-01   0.0000000000000000e+00   2.8621435978739753e+00
   8.0300000000000005e-01   0.0000000000000000e+00   5.6979726586554347e-01   0.0000000000000000e+00   1.9257900393225011e-01   0.0000000000000000e+00   2.8638365840494613e+00
   8.0200000000000005e-01   0.0000000000000000e+00   5.7124919137498253e-01   0.0000000000000000e+00   1.9355318402911414e-01   0.0000000000000000e+00   2.8655115274238749e+00
   8.0100000000000005e-01   0.0000000000000000e+00   5.7269540031292843e-01   0.0000000000000000e+00   1.9452763603666481e-01   0.0000000000000000e+00   2.8671687132300061e+00
   8.0000000000000004e-01   0.0000000000000000e+00   5.7413594079029984e-01   0.0000000000000000e+00   1.9550235532577198e-01   0.0000000000000000e+00   2.8688084206847329e+00
