   8.4464137e-01  -5.6452365e-02   0.0000000e+00  -3.5700538e-02  -1.4036845e-02   2.1171332e-02   2.7436830e+00
   8.4477499e-01  -5.6802396e-02   0.0000000e+00  -3.5940829e-02  -1.4168546e-02   2.5383647e-02   2.7439813e+00
   1.0832323e+00   5.8735465e-02   0.0000000e+00  -1.7456017e-01  -4.1317281e-01   2.5762342e-01   5.9667618e+00
   1.1067538e+00   8.6160613e-02   0.0000000e+00  -1.1012605e-01  -4.1838451e-01   2.2193641e-01   3.2286807e+00
   1.1262224e+00   1.1995478e-01   0.0000000e+00  -5.4786582e-02  -4.2676181e-01   1.9936331e-01   3.4653306e+00
   8.4477499e-01  -5.6802409e-02   0.0000000e+00  -3.5940828e-02  -1.4168575e-02   2.5383645e-02   2.7439790e+00
   8.4686767e-01  -5.4634288e-02   0.0000000e+00  -3.2030658e-02  -3.4101530e-02   1.1138071e-05   2.7442799e+00
   8.4915368e-01  -5.3706920e-02   0.0000000e+00  -2.9215381e-02  -5.1972384e-02   8.5917318e-09   2.7475197e+00
   9.4352235e-01   1.5412088e-02   0.0000000e+00   5.3176707e-01   1.2406762e-01   4.9198060e-01   2.6260730e+00
   9.4352129e-01   1.5412115e-02   0.0000000e+00   5.3176187e-01   1.2407356e-01   4.9197397e-01   2.6260841e+00
   9.4351995e-01   1.5412246e-02   0.0000000e+00   5.3175473e-01   1.2408027e-01   4.9196608e-01   2.6260995e+00
   9.4351777e-01   1.5412458e-02   0.0000000e+00   5.3174309e-01   1.2409118e-01   4.9195325e-01   2.6261247e+00
   9.4351477e-01   1.5412751e-02   0.0000000e+00   5.3172703e-01   1.2410626e-01   4.9193551e-01   2.6261595e+00
   9.4351463e-01   1.5412764e-02   0.0000000e+00   5.3172635e-01   1.2410688e-01   4.9193476e-01   2.6261618e+00
   9.4351448e-01   1.5412780e-02   0.0000000e+00   5.3172550e-01   1.2410768e-01   4.9193382e-01   2.6261637e+00
   9.4351428e-01   1.5412799e-02   0.0000000e+00   5.3172445e-01   1.2410867e-01   4.9193266e-01   2.6261659e+00
   9.4351403e-01   1.5412824e-02   0.0000000e+00   5.3172310e-01   1.2410993e-01   4.9193117e-01   2.6261688e+00
   9.4351370e-01   1.5412856e-02   0.0000000e+00   5.3172137e-01   1.2411154e-01   4.9192927e-01   2.6261726e+00
   9.4351370e-01   1.5412856e-02   0.0000000e+00   5.3172137e-01   1.2411153e-01   4.9192927e-01   2.6261732e+00
   9.4351329e-01   1.5412897e-02   0.0000000e+00   5.3171914e-01   1.2411363e-01   4.9192681e-01   2.6261774e+00
   9.4351273e-01   1.5412951e-02   0.0000000e+00   5.3171617e-01   1.2411641e-01   4.9192355e-01   2.6261838e+00
   9.4351199e-01   1.5413024e-02   0.0000000e+00   5.3171219e-01   1.2412015e-01   4.9191916e-01   2.6261924e+00
   9.4351091e-01   1.5413129e-02   0.0000000e+00   5.3170641e-01   1.2412558e-01   4.9191279e-01   2.6262048e+00
   9.4350929e-01   1.5413288e-02   0.0000000e+00   5.3169776e-01   1.2413367e-01   4.9190327e-01   2.6262235e+00
   9.4350713e-01   1.5413495e-02   0.0000000e+00   5.3168629e-01   1.2414447e-01   4.9189049e-01   2.6262487e+00
   9.4350363e-01   1.5413836e-02   0.0000000e+00   5.3166759e-01   1.2416202e-01   4.9186983e-01   2.6262893e+00
   9.4350310e-01   1.5413895e-02   0.0000000e+00   5.3166466e-01   1.2416469e-01   4.9186682e-01   2.6262958e+00
   9.4350240e-01   1.5413958e-02   0.0000000e+00   5.3166100e-01   1.2416817e-01   4.9186262e-01   2.6263042e+00
   9.4350141e-01   1.5414043e-02   0.0000000e+00   5.3165595e-01   1.2417303e-01   4.9185673e-01   2.6263161e+00
   9.4350003e-01   1.5414190e-02   0.0000000e+00   5.3164828e-01   1.2418011e-01   4.9184865e-01   2.6263315e+00
   9.4349805e-01   1.5414382e-02   0.0000000e+00   5.3163774e-01   1.2419000e-01   4.9183697e-01   2.6263545e+00
   9.4349499e-01   1.5414679e-02   0.0000000e+00   5.3162147e-01   1.2420528e-01   4.9181896e-01   2.6263899e+00
   9.4349484e-01   1.5414693e-02   0.0000000e+00   5.3162067e-01   1.2420603e-01   4.9181808e-01   2.6263925e+00
   9.4349464e-01   1.5414713e-02   0.0000000e+00   5.3161963e-01   1.2420699e-01   4.9181693e-01   2.6263947e+00
   9.4349440e-01   1.5414737e-02   0.0000000e+00   5.3161830e-01   1.2420825e-01   4.9181549e-01   2.6263975e+00
   9.4349407e-01   1.5414769e-02   0.0000000e+00   5.3161653e-01   1.2420990e-01   4.9181354e-01   2.6264014e+00
   9.4349370e-01   1.5414805e-02   0.0000000e+00   5.3161458e-01   1.2421172e-01   4.9181139e-01   2.6264056e+00
   9.4349323e-01   1.5414852e-02   0.0000000e+00   5.3161206e-01   1.2421408e-01   4.9180862e-01   2.6264110e+00
   9.4349323e-01   1.5414852e-02   0.0000000e+00   5.3161206e-01   1.2421407e-01   4.9180862e-01   2.6264117e+00
   9.4336805e-01   1.5426934e-02   0.0000000e+00   5.3094464e-01   1.2484096e-01   4.9107183e-01   2.6278590e+00
   9.4319073e-01   1.5443984e-02   0.0000000e+00   5.3000229e-01   1.2572339e-01   4.9003441e-01   2.6299204e+00
   9.4307147e-01   1.5455366e-02   0.0000000e+00   5.2937154e-01   1.2631258e-01   4.8934012e-01   2.6313128e+00
   9.4291564e-01   1.5470110e-02   0.0000000e+00   5.2854871e-01   1.2708083e-01   4.8843698e-01   2.6331239e+00
   9.4284938e-01   1.5476375e-02   0.0000000e+00   5.2820038e-01   1.2740481e-01   4.8805464e-01   2.6339007e+00
   9.4282296e-01   1.5478964e-02   0.0000000e+00   5.2805986e-01   1.2753456e-01   4.8790311e-01   2.6342075e+00
   9.4276795e-01   1.5484074e-02   0.0000000e+00   5.2777112e-01   1.2780401e-01   4.8758607e-01   2.6348459e+00
   9.4261801e-01   1.5497915e-02   0.0000000e+00   5.2698586e-01   1.2853625e-01   4.8672496e-01   2.6365868e+00
   9.4256092e-01   1.5503237e-02   0.0000000e+00   5.2668766e-01   1.2881256e-01   4.8639877e-01   2.6372569e+00
   9.4256082e-01   1.5503277e-02   0.0000000e+00   5.2668742e-01   1.2881219e-01   4.8639869e-01   2.6372664e+00
   9.4253338e-01   1.5505774e-02   0.0000000e+00   5.2654462e-01   1.2894526e-01   4.8624222e-01   2.6375923e+00
   9.4241859e-01   1.5516198e-02   0.0000000e+00   5.2594705e-01   1.2950168e-01   4.8558810e-01   2.6389369e+00
   9.4232408e-01   1.5524781e-02   0.0000000e+00   5.2545621e-01   1.2995726e-01   4.8505107e-01   2.6400371e+00
   9.4221903e-01   1.5534268e-02   0.0000000e+00   5.2491140e-01   1.3046260e-01   4.8445630e-01   2.6412606e+00
   9.4211951e-01   1.5543064e-02   0.0000000e+00   5.2439917e-01   1.3093838e-01   4.8389379e-01   2.6424253e+00
   9.4201592e-01   1.5552295e-02   0.0000000e+00   5.2386457e-01   1.3143333e-01   4.8331110e-01   2.6436316e+00
   9.4191546e-01   1.5561189e-02   0.0000000e+00   5.2334739e-01   1.3191170e-01   4.8274781e-01   2.6448011e+00
   9.4181420e-01   1.5570034e-02   0.0000000e+00   5.2282839e-01   1.3239188e-01   4.8218155e-01   2.6459827e+00
   9.4171336e-01   1.5578960e-02   0.0000000e+00   5.2230947e-01   1.3287001e-01   4.8162044e-01   2.6471516e+00
   9.4171341e-01   1.5579026e-02   0.0000000e+00   5.2230906e-01   1.3286942e-01   4.8162030e-01   2.6471395e+00
   9.4141291e-01   1.5604701e-02   0.0000000e+00   5.2077768e-01   1.3428430e-01   4.7995749e-01   2.6506598e+00
   9.4110405e-01   1.5630735e-02   0.0000000e+00   5.1921392e-01   1.3572240e-01   4.7826403e-01   2.6542570e+00
   9.4080903e-01   1.5655092e-02   0.0000000e+00   5.1773056e-01   1.3708300e-01   4.7666182e-01   2.6576921e+00
   9.4049202e-01   1.5680755e-02   0.0000000e+00   5.1614637e-01   1.3853218e-01   4.7495711e-01   2.6613808e+00
   9.4020924e-01   1.5703157e-02   0.0000000e+00   5.1474316e-01   1.3981251e-01   4.7345045e-01   2.6646702e+00
   9.3987668e-01   1.5728865e-02   0.0000000e+00   5.1310414e-01   1.4130517e-01   4.7169557e-01   2.6685410e+00
   9.3961026e-01   1.5749047e-02   0.0000000e+00   5.1179993e-01   1.4248934e-01   4.7030253e-01   2.6716381e+00
   9.3925900e-01   1.5774831e-02   0.0000000e+00   5.1009378e-01   1.4403719e-01   4.6848299e-01   2.6757313e+00
   9.3901879e-01   1.5792174e-02   0.0000000e+00   5.0893386e-01   1.4508555e-01   4.6724986e-01   2.6785226e+00
   9.3862888e-01   1.5819444e-02   0.0000000e+00   5.0706418e-01   1.4677408e-01   4.6526784e-01   2.6830647e+00
   9.3819989e-01   1.5848619e-02   0.0000000e+00   5.0502313e-01   1.4861004e-01   4.6311449e-01   2.6880515e+00
   9.3783577e-01   1.5872417e-02   0.0000000e+00   5.0330800e-01   1.5014936e-01   4.6130766e-01   2.6922870e+00
   9.3736640e-01   1.5901996e-02   0.0000000e+00   5.0111477e-01   1.5211249e-01   4.5900813e-01   2.6977472e+00
   9.3706786e-01   1.5920239e-02   0.0000000e+00   4.9973095e-01   1.5334665e-01   4.5756195e-01   2.7012122e+00
   9.3676125e-01   1.5938312e-02   0.0000000e+00   4.9831949e-01   1.5460448e-01   4.5608989e-01   2.7047781e+00
   9.3646462e-01   1.5955297e-02   0.0000000e+00   4.9696231e-01   1.5581144e-01   4.5467843e-01   2.7082262e+00
   9.3615313e-01   1.5972522e-02   0.0000000e+00   4.9554680e-01   1.5706847e-01   4.5320923e-01   2.7118493e+00
   9.3586548e-01   1.5987964e-02   0.0000000e+00   4.9424725e-01   1.5822008e-01   4.5186436e-01   2.7151927e+00
   9.3554168e-01   1.6004730e-02   0.0000000e+00   4.9279386e-01   1.5950612e-01   4.5036390e-01   2.7189584e+00
   9.3554178e-01   1.6004836e-02   0.0000000e+00   4.9279321e-01   1.5950547e-01   4.5036395e-01   2.7189426e+00
   9.3499543e-01   1.6031589e-02   0.0000000e+00   4.9036333e-01   1.6165202e-01   4.4786438e-01   2.7253136e+00
   9.3457242e-01   1.6051275e-02   0.0000000e+00   4.8849948e-01   1.6329199e-01   4.4595529e-01   2.7302267e+00
   9.3420432e-01   1.6067519e-02   0.0000000e+00   4.8689057e-01   1.6470500e-01   4.4431269e-01   2.7345031e+00
   9.3373741e-01   1.6086920e-02   0.0000000e+00   4.8486684e-01   1.6647918e-01   4.4225377e-01   2.7399316e+00
   9.3316039e-01   1.6109092e-02   0.0000000e+00   4.8239181e-01   1.6864358e-01   4.3974631e-01   2.7466399e+00
   9.3279976e-01   1.6122048e-02   0.0000000e+00   4.8085870e-01   1.6998015e-01   4.3819949e-01   2.7508243e+00
   9.3231922e-01   1.6137977e-02   0.0000000e+00   4.7883305e-01   1.7174424e-01   4.3616248e-01   2.7564109e+00
   9.3177085e-01   1.6154493e-02   0.0000000e+00   4.7654433e-01   1.7373270e-01   4.3387071e-01   2.7627835e+00
   9.3135683e-01   1.6165804e-02   0.0000000e+00   4.7483219e-01   1.7521680e-01   4.3216289e-01   2.7675908e+00
   9.3097505e-01   1.6175343e-02   0.0000000e+00   4.7326488e-01   1.7657314e-01   4.3060527e-01   2.7720242e+00
   9.3053496e-01   1.6185180e-02   0.0000000e+00   4.7147293e-01   1.7812202e-01   4.2882955e-01   2.7771388e+00
   9.2989845e-01   1.6197365e-02   0.0000000e+00   4.6890686e-01   1.8033552e-01   4.2629841e-01   2.7845369e+00
   9.2936905e-01   1.6205700e-02   0.0000000e+00   4.6679535e-01   1.8215250e-01   4.2422560e-01   2.7906843e+00
   9.2892189e-01   1.6211447e-02   0.0000000e+00   4.6502753e-01   1.8367108e-01   4.2249745e-01   2.7958757e+00
   9.2829988e-01   1.6217303e-02   0.0000000e+00   4.6259338e-01   1.8575953e-01   4.2012714e-01   2.8031059e+00
   9.2773966e-01   1.6220649e-02   0.0000000e+00   4.6042374e-01   1.8761700e-01   4.1802513e-01   2.8096119e+00
   9.2703776e-01   1.6222110e-02   0.0000000e+00   4.5773614e-01   1.8991420e-01   4.1543450e-01   2.8177679e+00
   9.2633053e-01   1.6220748e-02   0.0000000e+00   4.5505984e-01   1.9219596e-01   4.1287162e-01   2.8259781e+00
   9.2563600e-01   1.6216257e-02   0.0000000e+00   4.5246550e-01   1.9440529e-01   4.1039898e-01   2.8340466e+00
   9.2563612e-01   1.6216329e-02   0.0000000e+00   4.5246520e-01   1.9440485e-01   4.1039886e-01   2.8340308e+00
   9.2491109e-01   1.6208451e-02   0.0000000e+00   4.4979035e-01   1.9667959e-01   4.0786438e-01   2.8424680e+00
   9.2426003e-01   1.6198732e-02   0.0000000e+00   4.4741552e-01   1.9869536e-01   4.0562712e-01   2.8500297e+00
   9.2377498e-01   1.6189769e-02   0.0000000e+00   4.4566345e-01   2.0018106e-01   4.0398367e-01   2.8556628e+00
   9.2323641e-01   1.6178084e-02   0.0000000e+00   4.4373490e-01   2.0181525e-01   4.0218207e-01   2.8619224e+00
   9.2247593e-01   1.6158599e-02   0.0000000e+00   4.4104037e-01   2.0409569e-01   3.9967895e-01   2.8707615e+00
   9.2191858e-01   1.6142060e-02   0.0000000e+00   4.3908675e-01   2.0574724e-01   3.9787355e-01   2.8772351e+00
   9.2120248e-01   1.6117931e-02   0.0000000e+00   4.3660298e-01   2.0784568e-01   3.9558987e-01   2.8855603e+00
   9.2053862e-01   1.6092700e-02   0.0000000e+00   4.3432598e-01   2.0976790e-01   3.9350768e-01   2.8932769e+00
   9.1973491e-01   1.6058531e-02   0.0000000e+00   4.3160086e-01   2.1206641e-01   3.9103119e-01   2.9026212e+00
   9.1893633e-01   1.6020560e-02   0.0000000e+00   4.2892723e-01   2.1432004e-01   3.8861693e-01   2.9119062e+00
   9.1812286e-01   1.5977741e-02   0.0000000e+00   4.2623795e-01   2.1658582e-01   3.8620413e-01   2.9213667e+00
   9.1735170e-01   1.5933344e-02   0.0000000e+00   4.2371904e-01   2.1870695e-01   3.8395904e-01   2.9303351e+00
   9.1683569e-01   1.5901555e-02   0.0000000e+00   4.2204981e-01   2.2011212e-01   3.8247907e-01   2.9363340e+00
   9.1600343e-01   1.5846682e-02   0.0000000e+00   4.1938537e-01   2.2235517e-01   3.8012947e-01   2.9460212e+00
   9.1528473e-01   1.5795749e-02   0.0000000e+00   4.1711089e-01   2.2426980e-01   3.7813616e-01   2.9543842e+00
   9.1463187e-01   1.5746674e-02   0.0000000e+00   4.1506537e-01   2.2599152e-01   3.7635383e-01   2.9619819e+00
   9.1379604e-01   1.5679788e-02   0.0000000e+00   4.1247559e-01   2.2817221e-01   3.7411030e-01   2.9717163e+00
   9.1309015e-01   1.5619865e-02   0.0000000e+00   4.1031227e-01   2.2999393e-01   3.7224828e-01   2.9799351e+00
   9.1240314e-01   1.5558458e-02   0.0000000e+00   4.0822783e-01   2.3174987e-01   3.7046427e-01   2.9879374e+00
   9.1240328e-01   1.5558474e-02   0.0000000e+00   4.0822776e-01   2.3174981e-01   3.7046423e-01   2.9879278e+00
   9.1166165e-01   1.5488779e-02   0.0000000e+00   4.0600082e-01   2.3362667e-01   3.6856941e-01   2.9965770e+00
   9.1107431e-01   1.5431046e-02   0.0000000e+00   4.0425327e-01   2.3510016e-01   3.6709037e-01   3.0034207e+00
   9.1043584e-01   1.5365761e-02   0.0000000e+00   4.0236984e-01   2.3668900e-01   3.6550441e-01   3.0108640e+00
   9.0955628e-01   1.5271475e-02   0.0000000e+00   3.9980250e-01   2.3885639e-01   3.6335587e-01   3.0211229e+00
   9.0898191e-01   1.5207236e-02   0.0000000e+00   3.9814204e-01   2.4025888e-01   3.6197490e-01   3.0278183e+00
   9.0830585e-01   1.5128777e-02   0.0000000e+00   3.9620503e-01   2.4189668e-01   3.6037155e-01   3.0357081e+00
   9.0753371e-01   1.5035522e-02   0.0000000e+00   3.9401419e-01   2.4375069e-01   3.5856897e-01   3.0447213e+00
   9.0664873e-01   1.4923840e-02   0.0000000e+00   3.9153071e-01   2.4585462e-01   3.5653965e-01   3.0550551e+00
   9.0569958e-01   1.4798363e-02   0.0000000e+00   3.8889907e-01   2.4808692e-01   3.5440575e-01   3.0661412e+00
   9.0494223e-01   1.4693952e-02   0.0000000e+00   3.8682258e-01   2.4985079e-01   3.5273374e-01   3.0749891e+00
   9.0401236e-01   1.4560534e-02   0.0000000e+00   3.8430126e-01   2.5199584e-01   3.5071753e-01   3.0858612e+00
   9.0319838e-01   1.4438980e-02   0.0000000e+00   3.8211895e-01   2.5385564e-01   3.4898475e-01   3.0953815e+00
   9.0243781e-01   1.4321452e-02   0.0000000e+00   3.8010000e-01   2.5557867e-01   3.4739246e-01   3.1042799e+00
   9.0151794e-01   1.4174126e-02   0.0000000e+00   3.7768425e-01   2.5764402e-01   3.4550043e-01   3.1150489e+00
   9.0067645e-01   1.4034376e-02   0.0000000e+00   3.7549852e-01   2.5951627e-01   3.4380115e-01   3.1249032e+00
   8.9999806e-01   1.3918179e-02   0.0000000e+00   3.7375334e-01   2.6101405e-01   3.4245263e-01   3.1328521e+00
   8.9923309e-01   1.3783474e-02   0.0000000e+00   3.7180286e-01   2.6269072e-01   3.4095482e-01   3.1418199e+00
   8.9832826e-01   1.3619036e-02   0.0000000e+00   3.6951929e-01   2.6465773e-01   3.3921356e-01   3.1524322e+00
   8.9744165e-01   1.3452494e-02   0.0000000e+00   3.6730603e-01   2.6656868e-01   3.3753852e-01   3.1628359e+00
   8.9650023e-01   1.3269832e-02   0.0000000e+00   3.6498171e-01   2.6858032e-01   3.3579316e-01   3.1738882e+00
   8.9572615e-01   1.3115042e-02   0.0000000e+00   3.6309036e-01   2.7022141e-01   3.3438292e-01   3.1829811e+00
   8.9484816e-01   1.2934532e-02   0.0000000e+00   3.6096620e-01   2.7206883e-01   3.3281029e-01   3.1933012e+00
   8.9388398e-01   1.2730227e-02   0.0000000e+00   3.5865877e-01   2.7408108e-01   3.3111548e-01   3.2046400e+00
   8.9317561e-01   1.2576000e-02   0.0000000e+00   3.5698017e-01   2.7554888e-01   3.2989117e-01   3.2129741e+00
   8.9250152e-01   1.2426040e-02   0.0000000e+00   3.5539577e-01   2.7693731e-01   3.2874247e-01   3.2209093e+00
   8.9172664e-01   1.2249743e-02   0.0000000e+00   3.5359008e-01   2.7852358e-01   3.2744127e-01   3.2300373e+00
   8.9085461e-01   1.2046373e-02   0.0000000e+00   3.5157731e-01   2.8029660e-01   3.2600116e-01   3.2403148e+00
   8.9027287e-01   1.1907741e-02   0.0000000e+00   3.5024563e-01   2.8147260e-01   3.2505434e-01   3.2471727e+00
   8.8962229e-01   1.1749935e-02   0.0000000e+00   3.4876708e-01   2.8278110e-01   3.2400871e-01   3.2548472e+00
   8.8962242e-01   1.1749934e-02   0.0000000e+00   3.4876705e-01   2.8278112e-01   3.2400868e-01   3.2548422e+00
   8.8877657e-01   1.1540369e-02   0.0000000e+00   3.4686167e-01   2.8447200e-01   3.2266984e-01   3.2648299e+00
   8.8811287e-01   1.1372372e-02   0.0000000e+00   3.4537911e-01   2.8579134e-01   3.2163487e-01   3.2726668e+00
   8.8731253e-01   1.1165700e-02   0.0000000e+00   3.4360633e-01   2.8737330e-01   3.2040520e-01   3.2821238e+00
   8.8651469e-01   1.0955161e-02   0.0000000e+00   3.4185516e-01   2.8894090e-01   3.1919887e-01   3.2915568e+00
   8.8570907e-01   1.0738038e-02   0.0000000e+00   3.4010281e-01   2.9051442e-01   3.1800030e-01   3.3010867e+00
   8.8492640e-01   1.0522708e-02   0.0000000e+00   3.3841561e-01   2.9203431e-01   3.1685432e-01   3.3103504e+00
   8.8408206e-01   1.0285539e-02   0.0000000e+00   3.3661219e-01   2.9366441e-01   3.1563810e-01   3.3203511e+00
   8.8341550e-01   1.0094722e-02   0.0000000e+00   3.3520044e-01   2.9494455e-01   3.1469239e-01   3.3282496e+00
   8.8262313e-01   9.8638085e-03   0.0000000e+00   3.3353606e-01   2.9645847e-01   3.1358467e-01   3.3376453e+00
   8.8180779e-01   9.6215022e-03   0.0000000e+00   3.3183885e-01   2.9800781e-01   3.1246307e-01   3.3473198e+00
   8.8105309e-01   9.3929978e-03   0.0000000e+00   3.3028155e-01   2.9943440e-01   3.1144117e-01   3.3562795e+00
   8.8050711e-01   9.2251348e-03   0.0000000e+00   3.2916301e-01   3.0046209e-01   3.1071146e-01   3.3627640e+00
   8.7976035e-01   8.9921365e-03   0.0000000e+00   3.2764436e-01   3.0186154e-01   3.0972651e-01   3.3716391e+00
   8.7919772e-01   8.8139352e-03   0.0000000e+00   3.2650829e-01   3.0291163e-01   3.0899410e-01   3.3783277e+00
   8.7849786e-01   8.5891094e-03   0.0000000e+00   3.2510525e-01   3.0421244e-01   3.0809467e-01   3.3866538e+00
   8.7779740e-01   8.3605603e-03   0.0000000e+00   3.2371190e-01   3.0550869e-01   3.0720712e-01   3.3949910e+00
   8.7709112e-01   8.1264843e-03   0.0000000e+00   3.2231824e-01   3.0680997e-01   3.0632483e-01   3.4034043e+00
   8.7642241e-01   7.9015993e-03   0.0000000e+00   3.2100842e-01   3.0803693e-01   3.0550109e-01   3.4113721e+00
   8.7564943e-01   7.6376267e-03   0.0000000e+00   3.1950669e-01   3.0944893e-01   3.0456282e-01   3.4205887e+00
   8.7478707e-01   7.3380547e-03   0.0000000e+00   3.1784641e-01   3.1101657e-01   3.0353339e-01   3.4308770e+00
   8.7414790e-01   7.1125014e-03   0.0000000e+00   3.1662607e-01   3.1217349e-01   3.0278192e-01   3.4385071e+00
   8.7330344e-01   6.8100452e-03   0.0000000e+00   3.1502716e-01   3.1369522e-01   3.0180426e-01   3.4485940e+00
   8.7261936e-01   6.5611908e-03   0.0000000e+00   3.1374294e-01   3.1492269e-01   3.0102452e-01   3.4567702e+00
   8.7188967e-01   6.2920249e-03   0.0000000e+00   3.1238394e-01   3.1622673e-01   3.0020491e-01   3.4654970e+00
   8.7126535e-01   6.0586617e-03   0.0000000e+00   3.1122987e-01   3.1733831e-01   2.9951339e-01   3.4729667e+00
   8.7073268e-01   5.8573042e-03   0.0000000e+00   3.1025163e-01   3.1828370e-01   2.9893041e-01   3.4793433e+00
   8.6997579e-01   5.5676808e-03   0.0000000e+00   3.0887182e-01   3.1962217e-01   2.9811319e-01   3.4884094e+00
   8.6941977e-01   5.3522280e-03   0.0000000e+00   3.0786554e-01   3.2060211e-01   2.9752093e-01   3.4950722e+00
   8.6872080e-01   5.0782411e-03   0.0000000e+00   3.0660960e-01   3.2182971e-01   2.9678625e-01   3.5034525e+00
   8.6872098e-01   5.0782327e-03   0.0000000e+00   3.0660956e-01   3.2182975e-01   2.9678622e-01   3.5034490e+00
   8.6803192e-01   4.8047085e-03   0.0000000e+00   3.0538141e-01   3.2303526e-01   2.9607262e-01   3.5117163e+00
   8.6731113e-01   4.5148346e-03   0.0000000e+00   3.0410651e-01   3.2429200e-01   2.9533701e-01   3.5203668e+00
   8.6666380e-01   4.2512411e-03   0.0000000e+00   3.0297046e-01   3.2541676e-01   2.9468585e-01   3.5281407e+00
   8.6617991e-01   4.0522122e-03   0.0000000e+00   3.0212657e-01   3.2625518e-01   2.9420491e-01   3.5339534e+00
   8.6565172e-01   3.8330191e-03   0.0000000e+00   3.0121098e-01   3.2716790e-01   2.9368564e-01   3.5403020e+00
   8.6521303e-01   3.6493940e-03   0.0000000e+00   3.0045475e-01   3.2792418e-01   2.9325876e-01   3.5455772e+00
   8.6459160e-01   3.3869457e-03   0.0000000e+00   2.9938996e-01   3.2899258e-01   2.9266104e-01   3.5530518e+00
   8.6403867e-01   3.1510095e-03   0.0000000e+00   2.9844895e-01   3.2994057e-01   2.9213583e-01   3.5597062e+00
   8.6334948e-01   2.8538517e-03   0.0000000e+00   2.9728451e-01   3.3111850e-01   2.9149004e-01   3.5680040e+00
   8.6264696e-01   2.5473385e-03   0.0000000e+00   2.9610719e-01   3.3231526e-01   2.9084164e-01   3.5764679e+00
   8.6195560e-01   2.2422072e-03   0.0000000e+00   2.9495778e-01   3.3348915e-01   2.9021324e-01   3.5848004e+00
   8.6154581e-01   2.0596668e-03   0.0000000e+00   2.9428074e-01   3.3418327e-01   2.8984520e-01   3.5897410e+00
   8.6088364e-01   1.7622063e-03   0.0000000e+00   2.9319397e-01   3.3530175e-01   2.8925770e-01   3.5977286e+00
   8.6041381e-01   1.5491747e-03   0.0000000e+00   2.9242775e-01   3.3609346e-01   2.8884598e-01   3.6033975e+00
   8.5986663e-01   1.2990591e-03   0.0000000e+00   2.9154103e-01   3.3701321e-01   2.8837198e-01   3.6100034e+00
   8.5946443e-01   1.1137986e-03   0.0000000e+00   2.9089280e-01   3.3768791e-01   2.8802722e-01   3.6148605e+00
   8.5907414e-01   9.3292227e-04   0.0000000e+00   2.9026678e-01   3.3834138e-01   2.8769569e-01   3.6195749e+00
   8.5866439e-01   7.4184003e-04   0.0000000e+00   2.8961270e-01   3.3902620e-01   2.8735079e-01   3.6245259e+00
   8.5828877e-01   5.6558964e-04   0.0000000e+00   2.8901590e-01   3.3965291e-01   2.8703741e-01   3.6290657e+00
   8.5785844e-01   3.6242586e-04   0.0000000e+00   2.8833552e-01   3.4036956e-01   2.8668171e-01   3.6342682e+00
   8.5752806e-01   2.0550685e-04   0.0000000e+00   2.8781550e-01   3.4091893e-01   2.8641096e-01   3.6382637e+00
   8.5702761e-01  -3.3636970e-05   0.0000000e+00   2.8703192e-01   3.4174937e-01   2.8600484e-01   3.6443172e+00
   8.5655084e-01  -2.6318833e-04   0.0000000e+00   2.8628974e-01   3.4253895e-01   2.8562224e-01   3.6500864e+00
   8.5627989e-01  -3.9440185e-04   0.0000000e+00   2.8586974e-01   3.4298706e-01   2.8540665e-01   3.6533655e+00
   8.5595754e-01  -5.5116241e-04   0.0000000e+00   2.8537208e-01   3.4351933e-01   2.8515201e-01   3.6572680e+00
   8.5569823e-01  -6.7783319e-04   0.0000000e+00   2.8497312e-01   3.4394703e-01   2.8494852e-01   3.6604079e+00
   8.5536951e-01  -8.3908569e-04   0.0000000e+00   2.8446930e-01   3.4448844e-01   2.8469239e-01   3.6643892e+00
   8.5512626e-01  -9.5892961e-04   0.0000000e+00   2.8409768e-01   3.4488868e-01   2.8450410e-01   3.6673355e+00
   8.5478580e-01  -1.1273585e-03   0.0000000e+00   2.8357959e-01   3.4544805e-01   2.8424243e-01   3.6714606e+00
   8.5478597e-01  -1.1273726e-03   0.0000000e+00   2.8357954e-01   3.4544809e-01   2.8424241e-01   3.6714586e+00
   8.5456234e-01  -1.2383879e-03   0.0000000e+00   2.8324059e-01   3.4581486e-01   2.8407179e-01   3.6741682e+00
   8.5440897e-01  -1.3148068e-03   0.0000000e+00   2.8300852e-01   3.4606641e-01   2.8395520e-01   3.6760272e+00
   8.5419354e-01  -1.4223918e-03   0.0000000e+00   2.8268338e-01   3.4641934e-01   2.8379220e-01   3.6786383e+00
   8.5404179e-01  -1.4984232e-03   0.0000000e+00   2.8245490e-01   3.4666784e-01   2.8367784e-01   3.6804789e+00
   8.5385199e-01  -1.5936844e-03   0.0000000e+00   2.8216964e-01   3.4697834e-01   2.8353546e-01   3.6827795e+00
   8.5380899e-01  -1.6153465e-03   0.0000000e+00   2.8210500e-01   3.4704879e-01   2.8350323e-01   3.6833008e+00
   8.5371026e-01  -1.6650144e-03   0.0000000e+00   2.8195700e-01   3.4721012e-01   2.8342952e-01   3.6844975e+00
   8.5363272e-01  -1.7041045e-03   0.0000000e+00   2.8184088e-01   3.4733686e-01   2.8337172e-01   3.6854379e+00
   8.5355238e-01  -1.7446282e-03   0.0000000e+00   2.8172063e-01   3.4746811e-01   2.8331197e-01   3.6864117e+00
   8.5352973e-01  -1.7561010e-03   0.0000000e+00   2.8168665e-01   3.4750522e-01   2.8329508e-01   3.6866864e+00
   8.5347492e-01  -1.7837662e-03   0.0000000e+00   2.8160489e-01   3.4759461e-01   2.8325445e-01   3.6873513e+00
   8.5344887e-01  -1.7969643e-03   0.0000000e+00   2.8156589e-01   3.4763724e-01   2.8323509e-01   3.6876674e+00
   8.5340143e-01  -1.8208977e-03   0.0000000e+00   2.8149500e-01   3.4771460e-01   2.8320000e-01   3.6882412e+00
   8.5337138e-01  -1.8361284e-03   0.0000000e+00   2.8145009e-01   3.4776373e-01   2.8317772e-01   3.6886057e+00
   8.5334579e-01  -1.8490961e-03   0.0000000e+00   2.8141188e-01   3.4780554e-01   2.8315877e-01   3.6889161e+00
   8.5330944e-01  -1.8674761e-03   0.0000000e+00   2.8135776e-01   3.4786476e-01   2.8313195e-01   3.6893568e+00
   8.5327814e-01  -1.8833540e-03   0.0000000e+00   2.8131106e-01   3.4791589e-01   2.8310881e-01   3.6897365e+00
   8.5325151e-01  -1.8968699e-03   0.0000000e+00   2.8127133e-01   3.4795938e-01   2.8308913e-01   3.6900596e+00
   8.5322886e-01  -1.9083729e-03   0.0000000e+00   2.8123754e-01   3.4799639e-01   2.8307240e-01   3.6903344e+00
   8.5319453e-01  -1.9257558e-03   0.0000000e+00   2.8118652e-01   3.4805228e-01   2.8304714e-01   3.6907507e+00
   8.5316541e-01  -1.9405509e-03   0.0000000e+00   2.8114314e-01   3.4809982e-01   2.8302567e-01   3.6911039e+00
   8.5314064e-01  -1.9531406e-03   0.0000000e+00   2.8110624e-01   3.4814025e-01   2.8300742e-01   3.6914043e+00
   8.5310450e-01  -1.9714659e-03   0.0000000e+00   2.8105259e-01   3.4819908e-01   2.8298089e-01   3.6918426e+00
   8.5307385e-01  -1.9870603e-03   0.0000000e+00   2.8100697e-01   3.4824910e-01   2.8295834e-01   3.6922144e+00
   8.5304779e-01  -2.0003278e-03   0.0000000e+00   2.8096818e-01   3.4829164e-01   2.8293917e-01   3.6925307e+00
   8.5301054e-01  -2.0192390e-03   0.0000000e+00   2.8091290e-01   3.4835226e-01   2.8291189e-01   3.6929822e+00
   8.5297894e-01  -2.0353366e-03   0.0000000e+00   2.8086593e-01   3.4840381e-01   2.8288869e-01   3.6933655e+00
   8.5295207e-01  -2.0490295e-03   0.0000000e+00   2.8082601e-01   3.4844764e-01   2.8286899e-01   3.6936915e+00
   8.5292923e-01  -2.0606745e-03   0.0000000e+00   2.8079208e-01   3.4848490e-01   2.8285224e-01   3.6939686e+00
   8.5292935e-01  -2.0606848e-03   0.0000000e+00   2.8079205e-01   3.4848493e-01   2.8285223e-01   3.6939675e+00
   8.5289468e-01  -2.0782432e-03   0.0000000e+00   2.8074092e-01   3.4854108e-01   2.8282701e-01   3.6943876e+00
   8.5286542e-01  -2.0931772e-03   0.0000000e+00   2.8069748e-01   3.4858880e-01   2.8280559e-01   3.6947427e+00
   8.5284054e-01  -2.1058756e-03   0.0000000e+00   2.8066057e-01   3.4862936e-01   2.8278739e-01   3.6950446e+00
   8.5280426e-01  -2.1243510e-03   0.0000000e+00   2.8060690e-01   3.4868834e-01   2.8276095e-01   3.6954846e+00
   8.5277352e-01  -2.1400616e-03   0.0000000e+00   2.8056132e-01   3.4873846e-01   2.8273849e-01   3.6958576e+00
   8.5274736e-01  -2.1534536e-03   0.0000000e+00   2.8052267e-01   3.4878108e-01   2.8271939e-01   3.6961761e+00
   8.5271001e-01  -2.1725027e-03   0.0000000e+00   2.8046747e-01   3.4884179e-01   2.8269222e-01   3.6966292e+00
   8.5267835e-01  -2.1886973e-03   0.0000000e+00   2.8042059e-01   3.4889337e-01   2.8266916e-01   3.6970133e+00
   8.5265145e-01  -2.2024801e-03   0.0000000e+00   2.8038082e-01   3.4893721e-01   2.8264956e-01   3.6973403e+00
   8.5262860e-01  -2.2141766e-03   0.0000000e+00   2.8034701e-01   3.4897442e-01   2.8263294e-01   3.6976176e+00
   8.5259402e-01  -2.2318339e-03   0.0000000e+00   2.8029599e-01   3.4903059e-01   2.8260787e-01   3.6980369e+00
   8.5256473e-01  -2.2468448e-03   0.0000000e+00   2.8025267e-01   3.4907830e-01   2.8258658e-01   3.6983923e+00
   8.5253985e-01  -2.2595991e-03   0.0000000e+00   2.8021589e-01   3.4911881e-01   2.8256852e-01   3.6986943e+00
   8.5250352e-01  -2.2781785e-03   0.0000000e+00   2.8016236e-01   3.4917780e-01   2.8254223e-01   3.6991350e+00
   8.5247275e-01  -2.2939699e-03   0.0000000e+00   2.8011692e-01   3.4922790e-01   2.8251992e-01   3.6995085e+00
   8.5244663e-01  -2.3073805e-03   0.0000000e+00   2.8007835e-01   3.4927043e-01   2.8250099e-01   3.6998256e+00
   8.5240922e-01  -2.3265359e-03   0.0000000e+00   2.8002329e-01   3.4933115e-01   2.8247399e-01   3.7002794e+00
   8.5237756e-01  -2.3428044e-03   0.0000000e+00   2.7997656e-01   3.4938269e-01   2.8245109e-01   3.7006636e+00
   8.5235066e-01  -2.3566365e-03   0.0000000e+00   2.7993693e-01   3.4942645e-01   2.8243164e-01   3.7009904e+00
   8.5232784e-01  -2.3683631e-03   0.0000000e+00   2.7990326e-01   3.4946358e-01   2.8241516e-01   3.7012671e+00
   8.5229323e-01  -2.3861109e-03   0.0000000e+00   2.7985238e-01   3.4951973e-01   2.8239025e-01   3.7016868e+00
   8.5226393e-01  -2.4011855e-03   0.0000000e+00   2.7980921e-01   3.4956739e-01   2.8236912e-01   3.7020423e+00
   8.5223907e-01  -2.4139862e-03   0.0000000e+00   2.7977259e-01   3.4960784e-01   2.8235120e-01   3.7023441e+00
   8.5220270e-01  -2.4326626e-03   0.0000000e+00   2.7971920e-01   3.4966682e-01   2.8232508e-01   3.7027853e+00
   8.5217193e-01  -2.4485197e-03   0.0000000e+00   2.7967392e-01   3.4971686e-01   2.8230293e-01   3.7031589e+00
   8.5214582e-01  -2.4619779e-03   0.0000000e+00   2.7963550e-01   3.4975932e-01   2.8228415e-01   3.7034757e+00
   8.5210838e-01  -2.4812333e-03   0.0000000e+00   2.7958061e-01   3.4982002e-01   2.8225732e-01   3.7039300e+00
   8.5207670e-01  -2.4975788e-03   0.0000000e+00   2.7953405e-01   3.4987151e-01   2.8223458e-01   3.7043146e+00
   8.5204983e-01  -2.5114506e-03   0.0000000e+00   2.7949457e-01   3.4991519e-01   2.8221530e-01   3.7046409e+00
   8.5201172e-01  -2.5310733e-03   0.0000000e+00   2.7943877e-01   3.4997695e-01   2.8218805e-01   3.7051032e+00
   8.5197949e-01  -2.5477264e-03   0.0000000e+00   2.7939145e-01   3.5002932e-01   2.8216497e-01   3.7054945e+00
   8.5195216e-01  -2.5618557e-03   0.0000000e+00   2.7935134e-01   3.5007373e-01   2.8214540e-01   3.7058264e+00
   8.5192898e-01  -2.5738420e-03   0.0000000e+00   2.7931734e-01   3.5011139e-01   2.8212882e-01   3.7061078e+00
   8.5189399e-01  -2.5918874e-03   0.0000000e+00   2.7926619e-01   3.5016806e-01   2.8210388e-01   3.7065324e+00
   8.5186441e-01  -2.6071953e-03   0.0000000e+00   2.7922283e-01   3.5021610e-01   2.8208275e-01   3.7068915e+00
   8.5183933e-01  -2.6201790e-03   0.0000000e+00   2.7918609e-01   3.5025683e-01   2.8206485e-01   3.7071960e+00
   8.5163874e-01  -2.7240520e-03   0.0000000e+00   2.7889303e-01   3.5058199e-01   2.8192227e-01   3.7096313e+00
   8.5128038e-01  -2.9104070e-03   0.0000000e+00   2.7837120e-01   3.5116243e-01   2.8166922e-01   3.7139831e+00
   8.5103545e-01  -3.0383062e-03   0.0000000e+00   2.7801567e-01   3.5155879e-01   2.8149753e-01   3.7169566e+00
   8.5103558e-01  -3.0383187e-03   0.0000000e+00   2.7801564e-01   3.5155883e-01   2.8149751e-01   3.7169554e+00
   8.5016612e-01  -3.4957917e-03   0.0000000e+00   2.7676334e-01   3.5296233e-01   2.8089660e-01   3.7275178e+00
   8.4962714e-01  -3.7821265e-03   0.0000000e+00   2.7599426e-01   3.5382995e-01   2.8053065e-01   3.7340694e+00
   8.4892571e-01  -4.1578815e-03   0.0000000e+00   2.7500155e-01   3.5495631e-01   2.8006188e-01   3.7425991e+00
   8.4826223e-01  -4.5164697e-03   0.0000000e+00   2.7407057e-01   3.5601899e-01   2.7962623e-01   3.7506666e+00
   8.4780244e-01  -4.7668357e-03   0.0000000e+00   2.7343030e-01   3.5675385e-01   2.7932870e-01   3.7562602e+00
   8.4724668e-01  -5.0714531e-03   0.0000000e+00   2.7266164e-01   3.5764034e-01   2.7897383e-01   3.7630227e+00
   8.4657910e-01  -5.4402948e-03   0.0000000e+00   2.7174604e-01   3.5870275e-01   2.7855440e-01   3.7711498e+00
   8.4610815e-01  -5.7023735e-03   0.0000000e+00   2.7110496e-01   3.5945065e-01   2.7826299e-01   3.7768836e+00
   8.4557118e-01  -6.0031267e-03   0.0000000e+00   2.7037921e-01   3.6030177e-01   2.7793522e-01   3.7834240e+00
   8.4513857e-01  -6.2469073e-03   0.0000000e+00   2.6979832e-01   3.6098628e-01   2.7767462e-01   3.7886942e+00
   8.4454122e-01  -6.5856850e-03   0.0000000e+00   2.6900196e-01   3.6192965e-01   2.7731983e-01   3.7959730e+00
   8.4394955e-01  -6.9237185e-03   0.0000000e+00   2.6821966e-01   3.6286205e-01   2.7697416e-01   3.8031845e+00
   8.4335007e-01  -7.2687095e-03   0.0000000e+00   2.6743368e-01   3.6380470e-01   2.7662974e-01   3.8104929e+00
   8.4299967e-01  -7.4715387e-03   0.0000000e+00   2.6697741e-01   3.6435474e-01   2.7643112e-01   3.8147662e+00
   8.4253555e-01  -7.7414952e-03   0.0000000e+00   2.6637644e-01   3.6508227e-01   2.7617108e-01   3.8204263e+00
   8.4199430e-01  -8.0582179e-03   0.0000000e+00   2.6568066e-01   3.6592918e-01   2.7587219e-01   3.8270286e+00
   8.4155765e-01  -8.3152023e-03   0.0000000e+00   2.6512323e-01   3.6661126e-01   2.7563449e-01   3.8323552e+00
   8.4120917e-01  -8.5212540e-03   0.0000000e+00   2.6468094e-01   3.6715486e-01   2.7544695e-01   3.8366074e+00
   8.4074883e-01  -8.7947414e-03   0.0000000e+00   2.6410016e-01   3.6787193e-01   2.7520217e-01   3.8422255e+00
   8.4020648e-01  -9.1188322e-03   0.0000000e+00   2.6342093e-01   3.6871529e-01   2.7491808e-01   3.8488458e+00
   8.3976672e-01  -9.3830944e-03   0.0000000e+00   2.6287412e-01   3.6939797e-01   2.7469113e-01   3.8542139e+00
   8.3941895e-01  -9.5930374e-03   0.0000000e+00   2.6244432e-01   3.6993712e-01   2.7451379e-01   3.8584606e+00
   8.3896308e-01  -9.8694798e-03   0.0000000e+00   2.6188427e-01   3.7064287e-01   2.7428420e-01   3.8640274e+00
   8.3863011e-01  -1.0072303e-02   0.0000000e+00   2.6147764e-01   3.7115768e-01   2.7411855e-01   3.8680941e+00
   8.3816182e-01  -1.0358801e-02   0.0000000e+00   2.6090906e-01   3.7188076e-01   2.7388849e-01   3.8738124e+00
   8.3784014e-01  -1.0556492e-02   0.0000000e+00   2.6052098e-01   3.7237678e-01   2.7373243e-01   3.8777422e+00
   8.3736254e-01  -1.0851340e-02   0.0000000e+00   2.5994856e-01   3.7311220e-01   2.7350365e-01   3.8835795e+00
   8.3704791e-01  -1.1046409e-02   0.0000000e+00   2.5957371e-01   3.7359604e-01   2.7335486e-01   3.8874246e+00
   8.3656664e-01  -1.1346056e-02   0.0000000e+00   2.5900362e-01   3.7433522e-01   2.7313020e-01   3.8933046e+00
   8.3625142e-01  -1.1543165e-02   0.0000000e+00   2.5863253e-01   3.7481875e-01   2.7298497e-01   3.8971560e+00
   8.3596826e-01  -1.1720801e-02   0.0000000e+00   2.5830081e-01   3.7525265e-01   2.7285580e-01   3.9006164e+00
   8.3565666e-01  -1.1916904e-02   0.0000000e+00   2.5793743e-01   3.7572971e-01   2.7271506e-01   3.9044242e+00
   8.3536926e-01  -1.2098351e-02   0.0000000e+00   2.5760392e-01   3.7616925e-01   2.7258656e-01   3.9079368e+00
   8.3506319e-01  -1.2292189e-02   0.0000000e+00   2.5725034e-01   3.7663693e-01   2.7245108e-01   3.9116770e+00
   8.3476892e-01  -1.2479123e-02   0.0000000e+00   2.5691189e-01   3.7708618e-01   2.7232217e-01   3.9152720e+00
   8.3446836e-01  -1.2670723e-02   0.0000000e+00   2.5656846e-01   3.7754444e-01   2.7219185e-01   3.9189492e+00
   8.3417215e-01  -1.2860047e-02   0.0000000e+00   2.5623087e-01   3.7799583e-01   2.7206473e-01   3.9225667e+00
   8.3387110e-01  -1.3053154e-02   0.0000000e+00   2.5589021e-01   3.7845398e-01   2.7193689e-01   3.9262501e+00
   8.3357479e-01  -1.3243715e-02   0.0000000e+00   2.5555580e-01   3.7890466e-01   2.7181238e-01   3.9298692e+00
   8.3357479e-01  -1.3243715e-02   0.0000000e+00   2.5555580e-01   3.7890466e-01   2.7181238e-01   3.9298692e+00
   8.3327641e-01  -1.3436241e-02   0.0000000e+00   2.5522110e-01   3.7935796e-01   2.7168833e-01   3.9335170e+00
   8.3297759e-01  -1.3629642e-02   0.0000000e+00   2.5488754e-01   3.7981152e-01   2.7156543e-01   3.9371703e+00
   8.3267966e-01  -1.3823101e-02   0.0000000e+00   2.5455702e-01   3.8026322e-01   2.7144422e-01   3.9408161e+00
   8.3238222e-01  -1.4016766e-02   0.0000000e+00   2.5422827e-01   3.8071383e-01   2.7132452e-01   3.9444524e+00
   8.3208327e-01  -1.4211969e-02   0.0000000e+00   2.5389925e-01   3.8116638e-01   2.7120552e-01   3.9481049e+00
   8.3178489e-01  -1.4407421e-02   0.0000000e+00   2.5357280e-01   3.8161758e-01   2.7108807e-01   3.9517534e+00
   8.3148797e-01  -1.4602479e-02   0.0000000e+00   2.5324952e-01   3.8206617e-01   2.7097250e-01   3.9553828e+00
   8.3118714e-01  -1.4800749e-02   0.0000000e+00   2.5292408e-01   3.8252016e-01   2.7085673e-01   3.9590643e+00
   8.3089190e-01  -1.4995876e-02   0.0000000e+00   2.5260613e-01   3.8296534e-01   2.7074441e-01   3.9626754e+00
   8.3059216e-01  -1.5194528e-02   0.0000000e+00   2.5228475e-01   3.8341695e-01   2.7063168e-01   3.9663396e+00
   8.3029510e-01  -1.5391993e-02   0.0000000e+00   2.5196798e-01   3.8386411e-01   2.7052124e-01   3.9699719e+00
   8.2999737e-01  -1.5590463e-02   0.0000000e+00   2.5165214e-01   3.8431185e-01   2.7041186e-01   3.9736121e+00
   8.2969872e-01  -1.5790136e-02   0.0000000e+00   2.5133706e-01   3.8476057e-01   2.7030343e-01   3.9772644e+00
   8.2940168e-01  -1.5989282e-02   0.0000000e+00   2.5102519e-01   3.8520649e-01   2.7019687e-01   3.9808958e+00
   8.2910245e-01  -1.6190460e-02   0.0000000e+00   2.5071266e-01   3.8565530e-01   2.7009081e-01   3.9845535e+00
   8.2880604e-01  -1.6390297e-02   0.0000000e+00   2.5040460e-01   3.8609952e-01   2.6998703e-01   3.9881758e+00
   8.2850688e-01  -1.6592586e-02   0.0000000e+00   2.5009558e-01   3.8654740e-01   2.6988358e-01   3.9918339e+00
   8.2821388e-01  -1.6791242e-02   0.0000000e+00   2.4979450e-01   3.8698567e-01   2.6978351e-01   3.9954157e+00
   8.2791084e-01  -1.6997278e-02   0.0000000e+00   2.4948468e-01   3.8743860e-01   2.6968131e-01   3.9991197e+00
   8.2761525e-01  -1.7198819e-02   0.0000000e+00   2.4918429e-01   3.8787996e-01   2.6958289e-01   4.0027338e+00
   8.2731757e-01  -1.7402331e-02   0.0000000e+00   2.4888337e-01   3.8832405e-01   2.6948505e-01   4.0063727e+00
   8.2701956e-01  -1.7606668e-02   0.0000000e+00   2.4858408e-01   3.8876819e-01   2.6938837e-01   4.0100183e+00
   8.2672265e-01  -1.7810731e-02   0.0000000e+00   2.4828692e-01   3.8921045e-01   2.6929329e-01   4.0136449e+00
   8.2642490e-01  -1.8015955e-02   0.0000000e+00   2.4799088e-01   3.8965349e-01   2.6919922e-01   4.0172842e+00
   8.2612700e-01  -1.8221835e-02   0.0000000e+00   2.4769637e-01   3.9009636e-01   2.6910636e-01   4.0209253e+00
   8.2582953e-01  -1.8427975e-02   0.0000000e+00   2.4740395e-01   3.9053823e-01   2.6901488e-01   4.0245612e+00
   8.2553144e-01  -1.8635086e-02   0.0000000e+00   2.4711257e-01   3.9098062e-01   2.6892448e-01   4.0282042e+00
   8.2523532e-01  -1.8841396e-02   0.0000000e+00   2.4682496e-01   3.9141967e-01   2.6883593e-01   4.0318247e+00
   8.2493785e-01  -1.9049183e-02   0.0000000e+00   2.4653763e-01   3.9186037e-01   2.6874822e-01   4.0354610e+00
   8.2464064e-01  -1.9257313e-02   0.0000000e+00   2.4625208e-01   3.9230032e-01   2.6866183e-01   4.0390927e+00
   8.2434348e-01  -1.9465924e-02   0.0000000e+00   2.4596801e-01   3.9273989e-01   2.6857668e-01   4.0427216e+00
   8.2404684e-01  -1.9674735e-02   0.0000000e+00   2.4568629e-01   3.9317828e-01   2.6849292e-01   4.0463459e+00
   8.2374921e-01  -1.9884776e-02   0.0000000e+00   2.4540532e-01   3.9361773e-01   2.6841014e-01   4.0499820e+00
   8.2345223e-01  -2.0094886e-02   0.0000000e+00   2.4512656e-01   3.9405587e-01   2.6832876e-01   4.0536094e+00
   8.2327922e-01  -2.0217535e-02   0.0000000e+00   2.4496495e-01   3.9431095e-01   2.6828192e-01   4.0557227e+00
   8.2307479e-01  -2.0362689e-02   0.0000000e+00   2.4477464e-01   3.9461221e-01   2.6822711e-01   4.0582190e+00
   8.2287715e-01  -2.0503260e-02   0.0000000e+00   2.4459144e-01   3.9490328e-01   2.6817468e-01   4.0606326e+00
   8.2267873e-01  -2.0644620e-02   0.0000000e+00   2.4440823e-01   3.9519535e-01   2.6812259e-01   4.0630554e+00
   8.2248012e-01  -2.0786349e-02   0.0000000e+00   2.4422561e-01   3.9548752e-01   2.6807100e-01   4.0654804e+00
   8.2248012e-01  -2.0786349e-02   0.0000000e+00   2.4422561e-01   3.9548752e-01   2.6807100e-01   4.0654804e+00
   8.2228219e-01  -2.0927837e-02   0.0000000e+00   2.4404438e-01   3.9577853e-01   2.6802013e-01   4.0678975e+00
   8.2208393e-01  -2.1069787e-02   0.0000000e+00   2.4386357e-01   3.9606987e-01   2.6796972e-01   4.0703181e+00
   8.2188496e-01  -2.1212489e-02   0.0000000e+00   2.4368287e-01   3.9636209e-01   2.6791967e-01   4.0727475e+00
   8.2168702e-01  -2.1354681e-02   0.0000000e+00   2.4350391e-01   3.9665260e-01   2.6787044e-01   4.0751645e+00
   8.2148833e-01  -2.1497638e-02   0.0000000e+00   2.4332491e-01   3.9694409e-01   2.6782156e-01   4.0775896e+00
   8.2129054e-01  -2.1640194e-02   0.0000000e+00   2.4314751e-01   3.9723411e-01   2.6777344e-01   4.0800044e+00
   8.2109214e-01  -2.1783390e-02   0.0000000e+00   2.4297011e-01   3.9752488e-01   2.6772571e-01   4.0824244e+00
   8.2089330e-01  -2.1927127e-02   0.0000000e+00   2.4279292e-01   3.9781619e-01   2.6767841e-01   4.0848485e+00
   8.2069568e-01  -2.2070272e-02   0.0000000e+00   2.4261816e-01   3.9810540e-01   2.6763196e-01   4.0872629e+00
   8.2049721e-01  -2.2214220e-02   0.0000000e+00   2.4244303e-01   3.9839577e-01   2.6758585e-01   4.0896842e+00
   8.2029905e-01  -2.2358178e-02   0.0000000e+00   2.4226889e-01   3.9868556e-01   2.6754034e-01   4.0921015e+00
   8.2010161e-01  -2.2501835e-02   0.0000000e+00   2.4209615e-01   3.9897411e-01   2.6749553e-01   4.0945098e+00
   8.1990286e-01  -2.2646676e-02   0.0000000e+00   2.4192300e-01   3.9926443e-01   2.6745097e-01   4.0969340e+00
   8.1970473e-01  -2.2791301e-02   0.0000000e+00   2.4175112e-01   3.9955371e-01   2.6740708e-01   4.0993506e+00
   8.1950664e-01  -2.2936123e-02   0.0000000e+00   2.4158013e-01   3.9984272e-01   2.6736375e-01   4.1017672e+00
   8.1930894e-01  -2.3080873e-02   0.0000000e+00   2.4141008e-01   4.0013104e-01   2.6732103e-01   4.1041776e+00
   8.1911064e-01  -2.3226290e-02   0.0000000e+00   2.4124021e-01   4.0042011e-01   2.6727871e-01   4.1065950e+00
   8.1891213e-01  -2.3372091e-02   0.0000000e+00   2.4107102e-01   4.0070928e-01   2.6723690e-01   4.1090154e+00
   8.1871514e-01  -2.3516960e-02   0.0000000e+00   2.4090350e-01   4.0099618e-01   2.6719592e-01   4.1114141e+00
   8.1851685e-01  -2.3663079e-02   0.0000000e+00   2.4073626e-01   4.0128467e-01   2.6715522e-01   4.1138341e+00
   8.1831835e-01  -2.3809552e-02   0.0000000e+00   2.4056936e-01   4.0157336e-01   2.6711502e-01   4.1162544e+00
   8.1812126e-01  -2.3955181e-02   0.0000000e+00   2.4040419e-01   4.0185989e-01   2.6707561e-01   4.1186554e+00
   8.1792314e-01  -2.4101813e-02   0.0000000e+00   2.4023898e-01   4.0214776e-01   2.6703653e-01   4.1210698e+00
   8.1772556e-01  -2.4248254e-02   0.0000000e+00   2.4007488e-01   4.0243471e-01   2.6699809e-01   4.1234766e+00
   8.1752804e-01  -2.4394877e-02   0.0000000e+00   2.3991180e-01   4.0272134e-01   2.6696021e-01   4.1258841e+00
   8.1732958e-01  -2.4542412e-02   0.0000000e+00   2.3974845e-01   4.0300927e-01   2.6692266e-01   4.1283010e+00
   8.1713188e-01  -2.4689599e-02   0.0000000e+00   2.3958650e-01   4.0329592e-01   2.6688578e-01   4.1307088e+00
   8.1693398e-01  -2.4837160e-02   0.0000000e+00   2.3942521e-01   4.0358269e-01   2.6684940e-01   4.1331193e+00
   8.1673690e-01  -2.4984322e-02   0.0000000e+00   2.3926526e-01   4.0386815e-01   2.6681369e-01   4.1355190e+00
   8.1653907e-01  -2.5132256e-02   0.0000000e+00   2.3910544e-01   4.0415454e-01   2.6677838e-01   4.1379276e+00
   8.1634148e-01  -2.5280237e-02   0.0000000e+00   2.3894659e-01   4.0444043e-01   2.6674362e-01   4.1403334e+00
   8.1614373e-01  -2.5428547e-02   0.0000000e+00   2.3878831e-01   4.0472641e-01   2.6670937e-01   4.1427405e+00
   8.1594635e-01  -2.5576786e-02   0.0000000e+00   2.3863106e-01   4.0501169e-01   2.6667571e-01   4.1451426e+00
   8.1574892e-01  -2.5725276e-02   0.0000000e+00   2.3847444e-01   4.0529693e-01   2.6664256e-01   4.1475445e+00
   8.1555068e-01  -2.5874600e-02   0.0000000e+00   2.3831797e-01   4.0558319e-01   2.6660979e-01   4.1499567e+00
   8.1543817e-01  -2.5959437e-02   0.0000000e+00   2.3822956e-01   4.0574555e-01   2.6659144e-01   4.1513258e+00
   8.1525451e-01  -2.6098073e-02   0.0000000e+00   2.3808561e-01   4.0601055e-01   2.6656183e-01   4.1535595e+00
   8.1514282e-01  -2.6182481e-02   0.0000000e+00   2.3799839e-01   4.0617165e-01   2.6654404e-01   4.1549181e+00
   8.1495794e-01  -2.6322336e-02   0.0000000e+00   2.3785457e-01   4.0643819e-01   2.6651497e-01   4.1571666e+00
   8.1495794e-01  -2.6322336e-02   0.0000000e+00   2.3785457e-01   4.0643819e-01   2.6651497e-01   4.1571666e+00
   8.1446295e-01  -2.6697693e-02   0.0000000e+00   2.3747272e-01   4.0715118e-01   2.6643939e-01   4.1631858e+00
   8.1397473e-01  -2.7069196e-02   0.0000000e+00   2.3710064e-01   4.0785351e-01   2.6636803e-01   4.1691204e+00
   8.1348547e-01  -2.7442765e-02   0.0000000e+00   2.3673227e-01   4.0855647e-01   2.6629970e-01   4.1750656e+00
   8.1299657e-01  -2.7817307e-02   0.0000000e+00   2.3636856e-01   4.0925807e-01   2.6623458e-01   4.1810030e+00
   8.1250797e-01  -2.8192875e-02   0.0000000e+00   2.3600965e-01   4.0995836e-01   2.6617266e-01   4.1869349e+00
   8.1201941e-01  -2.8569652e-02   0.0000000e+00   2.3565530e-01   4.1065773e-01   2.6611389e-01   4.1928641e+00
   8.1153103e-01  -2.8947501e-02   0.0000000e+00   2.3530536e-01   4.1135605e-01   2.6605827e-01   4.1987867e+00
   8.1104303e-01  -2.9326303e-02   0.0000000e+00   2.3496060e-01   4.1205286e-01   2.6600585e-01   4.2047057e+00
   8.1055521e-01  -2.9706150e-02   0.0000000e+00   2.3462027e-01   4.1274861e-01   2.6595655e-01   4.2106180e+00
   8.1016795e-01  -3.0008538e-02   0.0000000e+00   2.3435323e-01   4.1330036e-01   2.6591963e-01   4.2153089e+00
   8.0977780e-01  -3.0313930e-02   0.0000000e+00   2.3408695e-01   4.1385573e-01   2.6588440e-01   4.2200323e+00
   8.0938700e-01  -3.0620618e-02   0.0000000e+00   2.3382344e-01   4.1441142e-01   2.6585112e-01   4.2247646e+00
   8.0899675e-01  -3.0927613e-02   0.0000000e+00   2.3356315e-01   4.1496578e-01   2.6581987e-01   4.2294878e+00
   8.0860689e-01  -3.1235027e-02   0.0000000e+00   2.3330587e-01   4.1551910e-01   2.6579062e-01   4.2342035e+00
   8.0821647e-01  -3.1543627e-02   0.0000000e+00   2.3305103e-01   4.1607272e-01   2.6576329e-01   4.2389235e+00
   8.0782645e-01  -3.1852641e-02   0.0000000e+00   2.3279938e-01   4.1662522e-01   2.6573795e-01   4.2436371e+00
   8.0743634e-01  -3.2162449e-02   0.0000000e+00   2.3255054e-01   4.1717734e-01   2.6571459e-01   4.2483498e+00
   8.0704668e-01  -3.2472618e-02   0.0000000e+00   2.3230487e-01   4.1772829e-01   2.6569321e-01   4.2530549e+00
   8.0665710e-01  -3.2783440e-02   0.0000000e+00   2.3206212e-01   4.1827863e-01   2.6567377e-01   4.2577569e+00
   8.0665710e-01  -3.2783440e-02   0.0000000e+00   2.3206212e-01   4.1827863e-01   2.6567377e-01   4.2577569e+00
   8.0610312e-01  -3.3226637e-02   0.0000000e+00   2.3172186e-01   4.1906031e-01   2.6564951e-01   4.2644396e+00
   8.0553469e-01  -3.3682865e-02   0.0000000e+00   2.3137875e-01   4.1986132e-01   2.6562869e-01   4.2712920e+00
   8.0495930e-01  -3.4146188e-02   0.0000000e+00   2.3103782e-01   4.2067100e-01   2.6561184e-01   4.2782247e+00
   8.0445823e-01  -3.4550855e-02   0.0000000e+00   2.3074571e-01   4.2137528e-01   2.6560058e-01   4.2842552e+00
   8.0396247e-01  -3.4952340e-02   0.0000000e+00   2.3046155e-01   4.2207123e-01   2.6559260e-01   4.2902195e+00
   8.0348964e-01  -3.5336267e-02   0.0000000e+00   2.3019478e-01   4.2273427e-01   2.6558789e-01   4.2959039e+00
   8.0300950e-01  -3.5727123e-02   0.0000000e+00   2.2992828e-01   4.2340679e-01   2.6558601e-01   4.3016729e+00
   8.0249555e-01  -3.6146608e-02   0.0000000e+00   2.2964780e-01   4.2412586e-01   2.6558723e-01   4.3078438e+00
   8.0196338e-01  -3.6582143e-02   0.0000000e+00   2.2936273e-01   4.2486947e-01   2.6559202e-01   4.3142295e+00
   8.0196338e-01  -3.6582143e-02   0.0000000e+00   2.2936273e-01   4.2486947e-01   2.6559202e-01   4.3142295e+00
   8.0139005e-01  -3.7052680e-02   0.0000000e+00   2.2906125e-01   4.2566968e-01   2.6560115e-01   4.3211008e+00
   8.0080350e-01  -3.7535497e-02   0.0000000e+00   2.2875954e-01   4.2648718e-01   2.6561477e-01   4.3281275e+00
   8.0021937e-01  -3.8017708e-02   0.0000000e+00   2.2846542e-01   4.2730024e-01   2.6563263e-01   4.3351179e+00
   7.9963453e-01  -3.8501880e-02   0.0000000e+00   2.2817733e-01   4.2811322e-01   2.6565477e-01   4.3421101e+00
   7.9904979e-01  -3.8987323e-02   0.0000000e+00   2.2789576e-01   4.2892499e-01   2.6568118e-01   4.3490951e+00
   7.9846498e-01  -3.9474163e-02   0.0000000e+00   2.2762064e-01   4.2973576e-01   2.6571186e-01   4.3560748e+00
   7.9799275e-01  -3.9868248e-02   0.0000000e+00   2.2740312e-01   4.3038970e-01   2.6573973e-01   4.3617057e+00
   7.9750379e-01  -4.0277181e-02   0.0000000e+00   2.2718229e-01   4.3106609e-01   2.6577149e-01   4.3675310e+00
   7.9701657e-01  -4.0685543e-02   0.0000000e+00   2.2696673e-01   4.3173932e-01   2.6580610e-01   4.3733311e+00
   7.9652876e-01  -4.1095287e-02   0.0000000e+00   2.2675535e-01   4.3241266e-01   2.6584368e-01   4.3791332e+00
   7.9604103e-01  -4.1505829e-02   0.0000000e+00   2.2654847e-01   4.3308515e-01   2.6588418e-01   4.3849294e+00
   7.9555298e-01  -4.1917500e-02   0.0000000e+00   2.2634605e-01   4.3375734e-01   2.6592765e-01   4.3907256e+00
   7.9516942e-01  -4.2241611e-02   0.0000000e+00   2.2618987e-01   4.3428515e-01   2.6596385e-01   4.3952750e+00
   7.9477917e-01  -4.2571912e-02   0.0000000e+00   2.2603389e-01   4.3482169e-01   2.6600255e-01   4.3999018e+00
   7.9438854e-01  -4.2903064e-02   0.0000000e+00   2.2588061e-01   4.3535831e-01   2.6604315e-01   4.4045295e+00
   7.9399808e-01  -4.3234593e-02   0.0000000e+00   2.2573027e-01   4.3589422e-01   2.6608560e-01   4.4091520e+00
   7.9360756e-01  -4.3566691e-02   0.0000000e+00   2.2558268e-01   4.3642979e-01   2.6612990e-01   4.4137713e+00
   7.9321681e-01  -4.3899485e-02   0.0000000e+00   2.2543789e-01   4.3696520e-01   2.6617611e-01   4.4183901e+00
   7.9282585e-01  -4.4232962e-02   0.0000000e+00   2.2529587e-01   4.3750044e-01   2.6622420e-01   4.4230077e+00
   7.9282585e-01  -4.4232962e-02   0.0000000e+00   2.2529587e-01   4.3750044e-01   2.6622420e-01   4.4230077e+00
   7.9140079e-01  -4.5452669e-02   0.0000000e+00   2.2480226e-01   4.3944763e-01   2.6641519e-01   4.4398090e+00
   7.9007213e-01  -4.6595535e-02   0.0000000e+00   2.2437599e-01   4.4125776e-01   2.6661540e-01   4.4554291e+00
   7.8885538e-01  -4.7646722e-02   0.0000000e+00   2.2401415e-01   4.4291099e-01   2.6681738e-01   4.4696935e+00
   7.8768032e-01  -4.8665862e-02   0.0000000e+00   2.2369062e-01   4.4450355e-01   2.6702928e-01   4.4834327e+00
   7.8647510e-01  -4.9715026e-02   0.0000000e+00   2.2338511e-01   4.4613293e-01   2.6726375e-01   4.4974857e+00
   7.8524875e-01  -5.0786414e-02   0.0000000e+00   2.2310155e-01   4.4778669e-01   2.6752005e-01   4.5117443e+00
   7.8391986e-01  -5.1951493e-02   0.0000000e+00   2.2282524e-01   4.4957397e-01   2.6781787e-01   4.5271464e+00
   7.8262502e-01  -5.3090617e-02   0.0000000e+00   2.2258684e-01   4.5131076e-01   2.6812808e-01   4.5421043e+00
   7.8131391e-01  -5.4247726e-02   0.0000000e+00   2.2237623e-01   4.5306473e-01   2.6846222e-01   4.5571981e+00
   7.8131391e-01  -5.4247726e-02   0.0000000e+00   2.2237623e-01   4.5306473e-01   2.6846222e-01   4.5571981e+00
   7.5172337e-01  -8.0833955e-02   0.0000000e+00   2.2546926e-01   4.9144343e-01   2.8119388e-01   4.8813662e+00
   7.5172337e-01  -8.0833955e-02   0.0000000e+00   2.2546926e-01   4.9144343e-01   2.8119388e-01   4.8813662e+00
   7.5056811e-01  -8.1871880e-02   0.0000000e+00   2.2587614e-01   4.9289557e-01   2.8188680e-01   4.8932950e+00
   7.4939789e-01  -8.2921972e-02   0.0000000e+00   2.2630840e-01   4.9436296e-01   2.8260334e-01   4.9053157e+00
   7.4806683e-01  -8.4114696e-02   0.0000000e+00   2.2682493e-01   4.9602761e-01   2.8343625e-01   4.9189151e+00
   7.4665452e-01  -8.5378058e-02   0.0000000e+00   2.2740113e-01   4.9778876e-01   2.8434080e-01   4.9332548e+00
   7.4665452e-01  -8.5378058e-02   0.0000000e+00   2.2740113e-01   4.9778876e-01   2.8434080e-01   4.9332548e+00
   7.4511157e-01  -8.6755497e-02   0.0000000e+00   2.2806385e-01   4.9970669e-01   2.8535341e-01   4.9488181e+00
   7.4326488e-01  -8.8399914e-02   0.0000000e+00   2.2890162e-01   5.0199381e-01   2.8659875e-01   4.9672998e+00
   7.4127423e-01  -9.0166971e-02   0.0000000e+00   2.2985858e-01   5.0444885e-01   2.8798188e-01   4.9870454e+00
   7.4031695e-01  -9.1014526e-02   0.0000000e+00   2.3033837e-01   5.0562559e-01   2.8866201e-01   4.9964748e+00
   7.3907953e-01  -9.2107883e-02   0.0000000e+00   2.3097699e-01   5.0714301e-01   2.8955561e-01   5.0085986e+00
   7.3763832e-01  -9.3377994e-02   0.0000000e+00   2.3174731e-01   5.0890494e-01   2.9061685e-01   5.0226299e+00
   7.3580234e-01  -9.4990570e-02   0.0000000e+00   2.3276874e-01   5.1114111e-01   2.9200069e-01   5.0403606e+00
   7.3363528e-01  -9.6885670e-02   0.0000000e+00   2.3403192e-01   5.1376821e-01   2.9368001e-01   5.0610845e+00
   7.3090514e-01  -9.9259674e-02   0.0000000e+00   2.3570932e-01   5.1705886e-01   2.9586650e-01   5.0868709e+00
   9.8785932e-01  -3.7758903e-03   0.0000000e+00  -6.8457141e-02   1.7593426e+00   1.7922370e+00   1.2110997e+00
   9.8785901e-01  -3.7764980e-03   0.0000000e+00  -6.8414378e-02   1.7591524e+00   1.7921280e+00   1.2108648e+00
   9.8785882e-01  -3.7771077e-03   0.0000000e+00  -6.8392847e-02   1.7589779e+00   1.7920052e+00   1.2107262e+00
   9.8785896e-01  -3.7777332e-03   0.0000000e+00  -6.8408900e-02   1.7588474e+00   1.7918407e+00   1.2105538e+00
   9.8785863e-01  -3.7783344e-03   0.0000000e+00  -6.8372415e-02   1.7586567e+00   1.7917345e+00   1.2106237e+00
   9.8785830e-01  -3.7789307e-03   0.0000000e+00  -6.8335059e-02   1.7584657e+00   1.7916308e+00   1.2103628e+00
   9.8785849e-01  -3.7795608e-03   0.0000000e+00  -6.8356615e-02   1.7583401e+00   1.7914605e+00   1.2102277e+00
   9.8785813e-01  -3.7801467e-03   0.0000000e+00  -6.8316582e-02   1.7581470e+00   1.7913631e+00   1.2102611e+00
   9.8785818e-01  -3.7807565e-03   0.0000000e+00  -6.8321945e-02   1.7580065e+00   1.7912136e+00   1.2100062e+00
   9.8785775e-01  -3.7813350e-03   0.0000000e+00  -6.8272994e-02   1.7578055e+00   1.7911256e+00   1.2099760e+00
   9.8785763e-01  -3.7819350e-03   0.0000000e+00  -6.8260406e-02   1.7576451e+00   1.7909961e+00   1.2099041e+00
   9.8785747e-01  -3.7825317e-03   0.0000000e+00  -6.8242567e-02   1.7574789e+00   1.7908728e+00   1.2097930e+00
   9.8785734e-01  -3.7831284e-03   0.0000000e+00  -6.8227757e-02   1.7573149e+00   1.7907479e+00   1.2096989e+00
   9.8785724e-01  -3.7837126e-03   0.0000000e+00  -6.8216700e-02   1.7571594e+00   1.7906215e+00   1.2093164e+00
   9.8785724e-01  -3.7842267e-03   0.0000000e+00  -6.8221652e-02   1.7570186e+00   1.7905151e+00   1.2092981e+00
   9.8785678e-01  -3.7846289e-03   0.0000000e+00  -6.8170984e-02   1.7568562e+00   1.7904723e+00   1.2091997e+00
   9.8785678e-01  -3.7850342e-03   0.0000000e+00  -6.8170907e-02   1.7567584e+00   1.7903767e+00   1.2092163e+00
   9.8785658e-01  -3.7854248e-03   0.0000000e+00  -6.8148667e-02   1.7566359e+00   1.7903071e+00   1.2090589e+00
   9.8785652e-01  -3.7858231e-03   0.0000000e+00  -6.8141039e-02   1.7565310e+00   1.7902200e+00   1.2090192e+00
   9.8785668e-01  -3.7862367e-03   0.0000000e+00  -6.8160616e-02   1.7564549e+00   1.7901039e+00   1.2089050e+00
