  -9.9904685756508382e-01  -1.3547104124850662e-01   0.0000000000000000e+00  -2.4660117582652755e-01   1.8089468144495138e+00   5.6675087356411258e-01   6.3110808355246766e+00
  -9.9927594911496875e-01  -1.3378471471486802e-01   0.0000000000000000e+00  -2.4353062824498767e-01   1.8093854001307261e+00   5.6671979399710304e-01   6.3110806617389077e+00
  -9.9946035723712789e-01  -1.3209279576346369e-01   0.0000000000000000e+00  -2.4046085493015629e-01   1.8098110097172748e+00   5.6671313420550884e-01   6.3110859847898055e+00
  -9.9979108346057233e-01  -1.3004484975879707e-01   0.0000000000000000e+00  -2.3672614361780114e-01   1.8103406489154654e+00   5.6664232609688037e-01   6.3110790667146413e+00
  -1.0000260356041448e+00  -1.2816655193327475e-01   0.0000000000000000e+00  -2.3331311612622369e-01   1.8108067318257202e+00   5.6661396174695533e-01   6.3110796525076953e+00
  -1.0002702571554669e+00  -1.2631198773768271e-01   0.0000000000000000e+00  -2.2993704460327127e-01   1.8112626092897373e+00   5.6657886443779770e-01   6.3110793799166363e+00
  -1.0004971441830235e+00  -1.2452054619724512e-01   0.0000000000000000e+00  -2.2668036433138639e-01   1.8116959983296075e+00   5.6654729171882023e-01   6.3110790366080405e+00
  -1.0007224022321191e+00  -1.2270491786142074e-01   0.0000000000000000e+00  -2.2337875568349702e-01   1.8121291420102927e+00   5.6651592903952541e-01   6.3110794550316607e+00
  -1.0009467051618164e+00  -1.2083478915099272e-01   0.0000000000000000e+00  -2.1997663414520913e-01   1.8125671781025856e+00   5.6648755253228644e-01   6.3110800396813609e+00
  -1.0010110327598705e+00  -1.1931795081691783e-01   0.0000000000000000e+00  -2.1723205791458614e-01   1.8128957617211685e+00   5.6652999484016364e-01   6.3110955642148499e+00
  -1.0013123691989936e+00  -1.1777284293194244e-01   0.0000000000000000e+00  -2.1440839452404389e-01   1.8132696918199434e+00   5.6643980789770942e-01   6.3110801375800092e+00
  -1.0014588147692887e+00  -1.1613481765477160e-01   0.0000000000000000e+00  -2.1143353026972200e-01   1.8136307481989589e+00   5.6643889148367177e-01   6.3110863902979144e+00
  -1.0017944513500776e+00  -1.1445925230989346e-01   0.0000000000000000e+00  -2.0836698782650437e-01   1.8140292115264098e+00   5.6633264095217750e-01   6.3110678419585060e+00
  -1.0018623604655805e+00  -1.1286150291819173e-01   0.0000000000000000e+00  -2.0547471002903131e-01   1.8143571063973658e+00   5.6637314175826536e-01   6.3110826866248697e+00
  -1.0021520041618610e+00  -1.1117932547599284e-01   0.0000000000000000e+00  -2.0240260746267871e-01   1.8147381513200518e+00   5.6629118244669396e-01   6.3110696526870838e+00
  -1.0023287670668215e+00  -1.0942571546925711e-01   0.0000000000000000e+00  -1.9921367328241829e-01   1.8151074780742111e+00   5.6627436291274147e-01   6.3110719727133144e+00
  -1.0024654157350843e+00  -1.0786272031585642e-01   0.0000000000000000e+00  -1.9637407091352660e-01   1.8154280545548394e+00   5.6627026058621976e-01   6.3110765344447550e+00
  -1.0026528400728481e+00  -1.0619977289174212e-01   0.0000000000000000e+00  -1.9334716416046802e-01   1.8157721148509973e+00   5.6624111405568223e-01   6.3110754295145473e+00
  -1.0027954090061046e+00  -1.0477930638991839e-01   0.0000000000000000e+00  -1.9076336774570438e-01   1.8160589869181025e+00   5.6622508212825617e-01   6.3110765132584614e+00
  -1.0029608395520953e+00  -1.0314446500242729e-01   0.0000000000000000e+00  -1.8778932550439606e-01   1.8163849548254856e+00   5.6620484740372556e-01   6.3110772868039788e+00
  -1.2223806667395400e-01   5.5491214745732997e-01   0.0000000000000000e+00  -4.7562517084204398e-01  -1.0912626185638070e+00   4.7691191738999997e-05   6.2393531908649962e+00
  -1.7997512326649130e+00  -1.0050830644100650e-04   0.0000000000000000e+00  -1.1487547414210074e-04   1.7178912284583081e+00   3.1767432791652378e-01   6.2631594342097570e+00
  -1.7998042609444016e+00  -1.0098745027605131e-04   0.0000000000000000e+00  -1.1547523869422286e-04   1.7178760712948029e+00   3.1760483879953444e-01   6.2631586222257090e+00
  -1.7998365893604658e+00  -1.0308408923519681e-04   0.0000000000000000e+00  -1.1764596789502445e-04   1.7178631291637558e+00   3.1756145004364250e-01   6.2631579358434104e+00
  -1.7998997742819964e+00  -1.0427196957539911e-04   0.0000000000000000e+00  -1.1901137701856505e-04   1.7178400046702496e+00   3.1747720871591201e-01   6.2631567075612713e+00
  -1.7999740951863406e+00  -1.0328962489595595e-04   0.0000000000000000e+00  -1.1829262978237322e-04   1.7178103244138800e+00   3.1737738038389784e-01   6.2631551333499509e+00
  -1.8000182746956612e+00  -1.0494210439491433e-04   0.0000000000000000e+00  -1.2015148664645731e-04   1.7177922253060183e+00   3.1731788877152362e-01   6.2631541737330068e+00
  -1.8000484798080780e+00  -1.0362027770084116e-04   0.0000000000000000e+00  -1.1877528050199217e-04   1.7177817203185901e+00   3.1727772186611336e-01   6.2631535797908766e+00
  -1.8000686445750687e+00  -1.1479734980039365e-04   0.0000000000000000e+00  -1.2987261786644305e-04   1.7177799540172531e+00   3.1725234863107016e-01   6.2631535182918840e+00
  -1.8001139099895518e+00  -1.0965322613974909e-04   0.0000000000000000e+00  -1.2499193185026389e-04   1.7177646998260945e+00   3.1719224448656252e-01   6.2631527035028949e+00
  -1.8001458411650193e+00  -1.0877666119442808e-04   0.0000000000000000e+00  -1.2408300565618633e-04   1.7177577957139496e+00   3.1715090073690128e-01   6.2631523281400669e+00
  -1.8001715855484282e+00  -1.1748494614362479e-04   0.0000000000000000e+00  -1.3295171088207334e-04   1.7177431705879351e+00   3.1711508897817142e-01   6.2631515792626882e+00
  -1.8002244935147862e+00  -1.1891835696318933e-04   0.0000000000000000e+00  -1.3456672287721040e-04   1.7177226644445989e+00   3.1704405347092945e-01   6.2631504937136411e+00
  -1.8003456874624120e+00  -3.5783407530925089e-05   0.0000000000000000e+00  -4.1301220763576815e-05   1.7180825349347335e+00   3.1699331664521968e-01   6.2631688722957897e+00
  -1.8003461341351490e+00  -3.5775539110548787e-05   0.0000000000000000e+00  -4.1292289531663907e-05   1.7180824617935302e+00   3.1699274471584871e-01   6.2631688682883366e+00
  -1.8003462968838535e+00  -3.5772457374490057e-05   0.0000000000000000e+00  -4.1288791777869907e-05   1.7180824361292726e+00   3.1699253659943016e-01   6.2631688708437476e+00
  -1.8003470369759444e+00  -3.5214730445122667e-05   0.0000000000000000e+00  -4.0718375338406906e-05   1.7180824009491757e+00   3.1699161200295300e-01   6.2631688641984757e+00
  -1.8003474074578356e+00  -3.5208126051091730e-05   0.0000000000000000e+00  -4.0710886578245688e-05   1.7180823403898815e+00   3.1699113765512177e-01   6.2631688608799143e+00
  -1.8003475735789933e+00  -3.5205165030665998e-05   0.0000000000000000e+00  -4.0707528833065502e-05   1.7180823132438880e+00   3.1699092496320885e-01   6.2631688593922830e+00
  -1.8003476837420023e+00  -3.5203196664892753e-05   0.0000000000000000e+00  -4.0705297188554267e-05   1.7180822952453831e+00   3.1699078391765351e-01   6.2631688584059075e+00
  -1.8003474905034436e+00  -3.5206641928536743e-05   0.0000000000000000e+00  -4.0709204067649029e-05   1.7180823268192675e+00   3.1699103132834056e-01   6.2631688601361954e+00
  -1.8003474905032735e+00  -3.5206643479139752e-05   0.0000000000000000e+00  -4.0709205644241855e-05   1.7180823268185463e+00   3.1699103132835260e-01   6.2631688601360374e+00
  -1.7999895593460842e+00  -1.0359357222964933e-04   0.0000000000000000e+00  -1.1868937807521737e-04   1.7178013380568873e+00   3.1735583089299430e-01   6.2631546594838472e+00
  -1.7997513151058488e+00  -1.0048863425221329e-04   0.0000000000000000e+00  -1.1485435733434422e-04   1.7178911962889203e+00   3.1767421752742508e-01   6.2631594325170310e+00
  -1.7996600825140803e+00   4.0369608780614332e-05   0.0000000000000000e+00   4.4939734982117774e-05   1.7186267230635726e+00   3.1798623153905636e-01   6.2631971979904293e+00
  -1.7994090213650564e+00   9.3944343417439323e-06   0.0000000000000000e+00   9.4801519882002651e-06   1.7185242642305878e+00   3.1826683688588520e-01   6.2631921189065274e+00
  -1.7990804461262782e+00  -3.4368762365631900e-05   0.0000000000000000e+00  -3.9586011976623364e-05   1.7183867172102560e+00   3.1863279067998368e-01   6.2631853277145870e+00
  -1.7988154593359877e+00  -2.0623141053102374e-05   0.0000000000000000e+00  -2.4835284170671205e-05   1.7184804051279519e+00   3.1898234190129215e-01   6.2631903404708966e+00
  -1.7985935704408882e+00   2.9832439586009559e-05   0.0000000000000000e+00   3.2320643723430499e-05   1.7187878573381041e+00   3.1933531500115947e-01   6.2632062545208429e+00
  -1.7981931896855863e+00  -9.6743201429855304e-05   0.0000000000000000e+00  -1.1137186500183909e-04   1.7182397961310016e+00   3.1967853714227190e-01   6.2631785915889724e+00
  -1.7980074177618439e+00  -6.0994629496036414e-06   0.0000000000000000e+00  -8.2860271968661377e-06   1.7187579717466817e+00   3.2004175801346962e-01   6.2632052524463582e+00
  -1.7977492766543048e+00  -2.4792155646801040e-05   0.0000000000000000e+00  -2.9724765703738864e-05   1.7187157885098068e+00   3.2034458973065777e-01   6.2632033494828212e+00
  -1.7974883184266786e+00  -2.7478582903332292e-05   0.0000000000000000e+00  -3.2575422891946083e-05   1.7187739736222023e+00   3.2067666694997926e-01   6.2632065879105587e+00
  -1.7971705585747444e+00  -7.0118028866738151e-05   0.0000000000000000e+00  -8.1163020494611144e-05   1.7186283002988394e+00   3.2102404325525058e-01   6.2631994993669000e+00
  -1.7969970055696334e+00   8.8890045892550276e-06   0.0000000000000000e+00   9.1885227968232062e-06   1.7191027763291615e+00   3.2135685859296920e-01   6.2632302405483076e+00
  -1.7967934425191152e+00   2.8260324604737923e-06   0.0000000000000000e+00   2.3446112554152514e-06   1.7191244075738765e+00   3.2160839203733493e-01   6.2632772245851012e+00
  -1.7964719200393415e+00  -3.0548714049818561e-05   0.0000000000000000e+00  -3.5752273294406236e-05   1.7190232287706884e+00   3.2197028880520562e-01   6.2632204565263336e+00
  -1.7961862366407899e+00  -3.7818789696397673e-05   0.0000000000000000e+00  -4.3983201657487396e-05   1.7190559510652597e+00   3.2232276587511483e-01   6.2632224765875799e+00
  -1.7959172544744928e+00  -3.7062670896085748e-05   0.0000000000000000e+00  -4.3480768143523334e-05   1.7191185801948761e+00   3.2266212829444191e-01   6.2632260046753609e+00
  -1.7956084584637735e+00  -7.0474069681620977e-05   0.0000000000000000e+00  -8.1070450454560596e-05   1.7190399774209020e+00   3.2301306038777133e-01   6.2632224232028841e+00
  -1.7954950177673774e+00   4.8416872742733319e-05   0.0000000000000000e+00   5.3770226662189955e-05   1.7196578523590054e+00   3.2330409692565082e-01   6.2632996331799538e+00
  -1.7954715998520465e+00  -5.1697259483031501e-06   0.0000000000000000e+00  -6.5410190592069618e-06   1.7194189266907549e+00   3.2327237070062742e-01   6.2632787580346871e+00
  -1.7951870258002227e+00  -8.6341202625170917e-06   0.0000000000000000e+00  -1.1091524786238394e-05   1.7194365469543116e+00   3.2361724144549620e-01   6.2632431725324107e+00
  -1.7949076947309217e+00  -7.9879844098000405e-06   0.0000000000000000e+00  -1.0463359852106680e-05   1.7195005043976808e+00   3.2396681757564472e-01   6.2632468209572387e+00
  -1.7946199401585439e+00  -1.0516102673045607e-05   0.0000000000000000e+00  -1.3892830232152931e-05   1.7195314984893384e+00   3.2431764105927280e-01   6.2632488156732276e+00
  -1.7943043876102072e+00   4.1188747236003663e-05   0.0000000000000000e+00   3.8110388315362598e-05   1.7195879957646747e+00   3.2470711572728134e-01   6.2632521259819587e+00
  -1.7940156822636304e+00   2.6339491914691303e-05   0.0000000000000000e+00   2.2193897197352327e-05   1.7196212085308471e+00   3.2505833355258873e-01   6.2632542655547319e+00
  -1.7937777717100440e+00   2.5222963262388819e-05   0.0000000000000000e+00   2.6579072548919066e-05   1.7199044076169849e+00   3.2540939675037883e-01   6.2632690599631209e+00
  -1.7934192845170351e+00  -8.8608101050056495e-05   0.0000000000000000e+00  -9.8634491821250614e-05   1.7195869287017427e+00   3.2575725450955562e-01   6.2632055456202416e+00
  -1.7931115179924433e+00  -5.6078750033965275e-05   0.0000000000000000e+00  -6.5990424561039831e-05   1.7196429888398053e+00   3.2613466099562571e-01   6.2632569254045372e+00
  -1.7928854922565816e+00   7.2854049068469927e-06   0.0000000000000000e+00   6.0219762501674052e-06   1.7200121768316041e+00   3.2648973676806098e-01   6.2632760120851101e+00
  -1.7926621561891332e+00  -4.0009564899140624e-06   0.0000000000000000e+00  -6.5954810779687080e-06   1.7200207988913556e+00   3.2675516535946703e-01   6.2633772980067937e+00
  -1.7923593526716575e+00  -3.2079733912765293e-05   0.0000000000000000e+00  -3.6456925236052289e-05   1.7200317939458103e+00   3.2711371315469590e-01   6.2632779601573647e+00
  -1.7921757019883047e+00   9.1958757684358210e-05   0.0000000000000000e+00   1.0093396457405805e-04   1.7205444711351108e+00   3.2744970161858533e-01   6.2633042164401216e+00
  -1.7919083749387963e+00   8.6061132326128775e-05   0.0000000000000000e+00   9.4247643497487318e-05   1.7205755155465638e+00   3.2777008590755624e-01   6.2633062833802366e+00
  -1.7916330568196559e+00   1.1333356354692174e-04   0.0000000000000000e+00   1.2531383188016425e-04   1.7207720751719673e+00   3.2813756191881333e-01   6.2633167326088488e+00
  -1.7913155425978609e+00   8.0841608914914470e-05   0.0000000000000000e+00   8.9118023054736041e-05   1.7207127012566261e+00   3.2849449462864722e-01   6.2633143548541277e+00
  -1.7909863931842540e+00   5.9517150657743299e-05   0.0000000000000000e+00   6.4594196629625436e-05   1.7206645102109819e+00   3.2886704485511342e-01   6.2633125828775151e+00
  -1.7906652191503769e+00   2.5860173196074337e-05   0.0000000000000000e+00   2.7734482281233605e-05   1.7206259001649373e+00   3.2923198188326142e-01   6.2633113130755564e+00
  -1.7903631256238728e+00   2.8783302111637887e-05   0.0000000000000000e+00   2.9105547447586466e-05   1.7206304739805649e+00   3.2958397246010046e-01   6.2633121720087619e+00
  -1.7901157679420856e+00   7.4833965553844175e-05   0.0000000000000000e+00   8.1541755339171632e-05   1.7209143801897995e+00   3.2993483602421408e-01   6.2633270046356264e+00
  -1.7901157679421675e+00   7.4833967208759407e-05   0.0000000000000000e+00   8.1541757085453720e-05   1.7209143801902156e+00   3.2993483602421114e-01   6.2633270046357659e+00
  -1.7897681372262506e+00   7.8012840889549975e-06   0.0000000000000000e+00   6.2237494509636811e-06   1.7206883601368372e+00   3.3028659321175718e-01   6.2633163906156621e+00
  -1.7894761858061035e+00   2.7198784925690471e-05   0.0000000000000000e+00   2.7464828761064688e-05   1.7208190453507362e+00   3.3065324254353123e-01   6.2633236256071143e+00
  -1.7892576644798852e+00   9.7370031032839043e-05   0.0000000000000000e+00   1.0768117932226623e-04   1.7212278743338854e+00   3.3099580884303831e-01   6.2633446836314279e+00
  -1.7889729692407910e+00   8.2630988561562037e-05   0.0000000000000000e+00   9.0390064113414075e-05   1.7211833403868129e+00   3.3131376022139464e-01   6.2633431033769034e+00
  -1.7886380568344447e+00   2.5589526093838929e-05   0.0000000000000000e+00   2.7116682968182167e-05   1.7210421759655992e+00   3.3166791058516049e-01   6.2633368060577226e+00
  -1.7884828781243922e+00   2.0239417797301859e-04   0.0000000000000000e+00   2.2745113578677293e-04   1.7219030622458764e+00   3.3203266020399552e-01   6.2633804005017479e+00
  -1.7882025110667976e+00   1.5961949654409653e-04   0.0000000000000000e+00   1.8020155648909309e-04   1.7218071303448494e+00   3.3233284771714144e-01   6.2633762528717538e+00
  -1.7878631851357620e+00   1.4907410558312413e-04   0.0000000000000000e+00   1.6616579237675342e-04   1.7217485998130146e+00   3.3270805882557575e-01   6.2633741570821666e+00
  -1.7875356248537586e+00   1.2369162310076957e-04   0.0000000000000000e+00   1.3772835689010486e-04   1.7217103669751959e+00   3.3307363362702386e-01   6.2633730569216786e+00
  -1.7871384827530208e+00   4.6505938746897636e-05   0.0000000000000000e+00   4.9350182856971183e-05   1.7213895250635032e+00   3.3345809282854816e-01   6.2633579998781101e+00
  -1.7868595395333879e+00   1.0765109183658428e-04   0.0000000000000000e+00   1.1893725261216173e-04   1.7217385412396640e+00   3.3384895620420096e-01   6.2633762061023566e+00
  -1.7865795835790357e+00   9.5812088528562028e-05   0.0000000000000000e+00   1.0542385230609623e-04   1.7217430677032901e+00   3.3416770100111653e-01   6.2633771770832798e+00
  -1.7862723099476836e+00   9.5375469953846482e-05   0.0000000000000000e+00   1.0469078449601630e-04   1.7217943140321417e+00   3.3452661722346627e-01   6.2633805701330818e+00
  -1.7859600407383689e+00   8.9825517655969591e-05   0.0000000000000000e+00   9.7584209482214093e-05   1.7218020849677311e+00   3.3488153487330485e-01   6.2633818029626367e+00
  -1.7856426929409488e+00   7.8863726153992887e-05   0.0000000000000000e+00   8.5101469753711106e-05   1.7218111301986319e+00   3.3524188432896013e-01   6.2633831417127208e+00
  -1.7852775552109641e+00   1.7376300146083905e-05   0.0000000000000000e+00   1.7580406317414723e-05   1.7216835829647648e+00   3.3562764866045369e-01   6.2633778204415673e+00
  -1.7849239429995156e+00   1.4294154957957736e-05   0.0000000000000000e+00   9.4770788646296511e-06   1.7215469847581926e+00   3.3599809579801898e-01   6.2633720352293309e+00
  -1.7846592808252049e+00   3.6932916125848636e-05   0.0000000000000000e+00   4.0799888771099868e-05   1.7219534214073069e+00   3.3637776840323347e-01   6.2633930829617475e+00
  -1.7843699069573462e+00   5.9556805909587109e-05   0.0000000000000000e+00   6.2500392988139373e-05   1.7219457046171394e+00   3.3670082712743993e-01   6.2633935650269663e+00
  -1.7843699069572541e+00   5.9556801901933362e-05   0.0000000000000000e+00   6.2500388756910196e-05   1.7219457046166227e+00   3.3670082712744176e-01   6.2633935650270232e+00
  -1.7840513080608380e+00   4.4626213472267447e-05   0.0000000000000000e+00   4.6579611552934387e-05   1.7219764788317231e+00   3.3706382533445162e-01   6.2633960768857690e+00
  -1.7837655241680725e+00   5.9912891727072356e-05   0.0000000000000000e+00   6.4258586582480499e-05   1.7221202773181601e+00   3.3741181778855056e-01   6.2634041185074940e+00
  -1.7835459412569756e+00   1.4776087071517556e-04   0.0000000000000000e+00   1.6513807863180756e-04   1.7226188854379598e+00   3.3775454108673264e-01   6.2634296216917527e+00
  -1.7832361799284577e+00   1.2629354412116393e-04   0.0000000000000000e+00   1.4070726615066719e-04   1.7225700072311778e+00   3.3808985303938477e-01   6.2634281499339357e+00
  -1.7828939711818814e+00   1.0737000610087439e-04   0.0000000000000000e+00   1.1877765915007986e-04   1.7225350352927187e+00   3.3846345757426721e-01   6.2634274929684688e+00
  -1.7825835908928862e+00   1.1497257308993004e-04   0.0000000000000000e+00   1.2744951570598575e-04   1.7226286722133426e+00   3.3882584992890480e-01   6.2634331421450486e+00
  -1.7822681119556387e+00   1.2403715614068959e-04   0.0000000000000000e+00   1.3811144070555512e-04   1.7227462466908330e+00   3.3919767084555669e-01   6.2634394494872314e+00
  -1.7818848522833675e+00   6.1582129561538277e-05   0.0000000000000000e+00   6.4829397722163972e-05   1.7224337762027402e+00   3.3956221051846847e-01   6.2634257507115532e+00
  -1.7815926502431743e+00   7.9021738951579845e-05   0.0000000000000000e+00   8.6551010551086486e-05   1.7226443616489704e+00   3.3992463048067018e-01   6.2634371862893214e+00
  -1.7812709700749509e+00   6.1162981558669490e-05   0.0000000000000000e+00   6.6367668806018579e-05   1.7226259640252428e+00   3.4027575570902657e-01   6.2634373678457393e+00
  -1.7810088367251840e+00   1.2542371508759189e-04   0.0000000000000000e+00   1.4026099113181650e-04   1.7230101916344609e+00   3.4063548213179101e-01   6.2634573188888245e+00
  -1.7806950054411756e+00   1.1816922594794579e-04   0.0000000000000000e+00   1.3181876712560546e-04   1.7230217008811457e+00   3.4098210511518329e-01   6.2634589724073040e+00
  -1.7803985698147011e+00   1.5287699247134621e-04   0.0000000000000000e+00   1.7161550118188797e-04   1.7232535733309582e+00   3.4134926756311934e-01   6.2634714947855219e+00
  -1.7800560982268547e+00   1.3070518739571654e-04   0.0000000000000000e+00   1.4592114771654844e-04   1.7231972852640183e+00   3.4171360006556473e-01   6.2634699176028779e+00
  -1.7796525298604498e+00   2.6712394866906020e-05   0.0000000000000000e+00   2.8667610066065494e-05   1.7228208027877792e+00   3.4208644294337937e-01   6.2634527410078382e+00
  -1.7793157199111931e+00   2.6461313479713832e-05   0.0000000000000000e+00   2.9286082866427425e-05   1.7229167107816890e+00   3.4247112048587464e-01   6.2634587191301900e+00
  -1.7790408893165570e+00   8.6077387627003123e-05   0.0000000000000000e+00   9.8173123609677002e-05   1.7232889102341007e+00   3.4283652789361369e-01   6.2634781310833230e+00
  -1.7787493907087728e+00   7.6626765910509976e-05   0.0000000000000000e+00   8.7532510763061391e-05   1.7233000408472094e+00   3.4315514589643187e-01   6.2634797664508346e+00
  -1.7783917000472973e+00   6.5293051263919677e-05   0.0000000000000000e+00   7.4424505903321708e-05   1.7233009926854135e+00   3.4354324732799474e-01   6.2634811624271185e+00
  -1.7783917000472560e+00   6.5293052225379864e-05   0.0000000000000000e+00   7.4424506926503261e-05   1.7233009926851695e+00   3.4354324732799602e-01   6.2634811624270172e+00
  -1.7780447962269699e+00   4.3839042470072704e-05   0.0000000000000000e+00   5.0429123990916243e-05   1.7232831807396241e+00   3.4391575546401687e-01   6.2634816121187811e+00
  -1.7776883553245448e+00   8.8793682914094593e-05   0.0000000000000000e+00   9.5297976537391646e-05   1.7232953844693892e+00   3.4430311871983998e-01   6.2634835976094427e+00
  -1.7773848805092041e+00   1.2523064616532542e-04   0.0000000000000000e+00   1.3774996165451687e-04   1.7235429451612390e+00   3.4467291489160529e-01   6.2634969863098551e+00
  -1.7770517561849810e+00   1.1309447995155644e-04   0.0000000000000000e+00   1.2329487115418780e-04   1.7235178020113033e+00   3.4502730041441337e-01   6.2634970594568404e+00
  -1.7767445961321919e+00   1.9570613702322051e-04   0.0000000000000000e+00   2.1155782905674057e-04   1.7237284686358909e+00   3.4539290615756157e-01   6.2635086626569549e+00
  -1.7763587062924311e+00   9.0020703728818568e-05   0.0000000000000000e+00   9.7383141406771152e-05   1.7235389275260191e+00   3.4577520187428845e-01   6.2635008830948244e+00
  -1.7760093368053143e+00   9.3775847648739451e-05   0.0000000000000000e+00   1.0067918461533940e-04   1.7235826897411883e+00   3.4615672730242630e-01   6.2635044651490599e+00
  -1.7755488686912257e+00  -3.5577465073079333e-05   0.0000000000000000e+00  -4.8726775048190700e-05   1.7229654552659330e+00   3.4654712119160458e-01   6.2634760380757024e+00
  -1.7751532540326374e+00  -9.0008576863968902e-05   0.0000000000000000e+00  -1.0499764284383162e-04   1.7230215299504643e+00   3.4697924583115947e-01   6.2634804656220577e+00
  -1.7748157861615712e+00  -1.0591770844243179e-04   0.0000000000000000e+00  -1.2210697653798117e-04   1.7230331498351310e+00   3.4734119113164474e-01   6.2634824879954474e+00
  -1.7744821023860771e+00  -7.1828624023813150e-05   0.0000000000000000e+00  -8.5190204164921666e-05   1.7231797161338687e+00   3.4772032914821860e-01   6.2634911244922611e+00
  -1.7741552342516791e+00  -6.6044701759766894e-05   0.0000000000000000e+00  -7.8809891781849535e-05   1.7232553547126124e+00   3.4807991416251927e-01   6.2634962619456722e+00
  -1.7739019077398368e+00   3.3382265199049170e-05   0.0000000000000000e+00   3.5050625236747878e-05   1.7237883824539222e+00   3.4843337077368897e-01   6.2635235033320633e+00
  -1.7735849646703841e+00   4.2037685326305136e-05   0.0000000000000000e+00   4.4658984370320707e-05   1.7238684689137751e+00   3.4878125367139512e-01   6.2635288216329075e+00
  -1.7732810090337645e+00   5.2891504328061394e-05   0.0000000000000000e+00   5.9584462519826310e-05   1.7240627304372442e+00   3.4913248514499295e-01   6.2635396847796905e+00
  -1.7728830987518005e+00  -2.4514552385086592e-05   0.0000000000000000e+00  -3.0111926740575207e-05   1.7237050868272454e+00   3.4949660674240995e-01   6.2635239619625214e+00
  -1.7725597227382610e+00  -1.3884759305213161e-05   0.0000000000000000e+00  -1.6652188823010903e-05   1.7238636445982913e+00   3.4986152295589112e-01   6.2635331907945586e+00
  -1.7722271709977260e+00   1.2904444422747896e-05   0.0000000000000000e+00   1.3745584901920527e-05   1.7240362493180665e+00   3.5023726474060340e-01   6.2635431544823641e+00
  -1.7718996135011629e+00   7.0229127242469431e-05   0.0000000000000000e+00   7.5068851255618817e-05   1.7242114024697528e+00   3.5060709955019592e-01   6.2635532068587798e+00
  -1.7718996135121239e+00   7.0229141341010965e-05   0.0000000000000000e+00   7.5068867418128570e-05   1.7242114025436017e+00   3.5060709954979707e-01   6.2635532068731594e+00
  -1.7715503948343316e+00   5.5216537803454502e-05   0.0000000000000000e+00   5.5413546338155800e-05   1.7241239195055373e+00   3.5095951065153058e-01   6.2635505455841471e+00
  -1.7711881703148242e+00   6.2198200199080624e-05   0.0000000000000000e+00   6.3896217213637864e-05   1.7241955585075297e+00   3.5134869992880596e-01   6.2635557647813638e+00
  -1.7707879763074603e+00  -1.2026201558178168e-05   0.0000000000000000e+00  -2.0995434783089419e-05   1.7238978870891772e+00   3.5172237359648595e-01   6.2635431425297359e+00
  -1.7704750432539920e+00   8.8906822325197620e-05   0.0000000000000000e+00   9.4429153714231542e-05   1.7244135434747956e+00   3.5212358076813660e-01   6.2635697931283136e+00
  -1.7701481365200420e+00   6.4411879172387158e-05   0.0000000000000000e+00   6.6586041390461712e-05   1.7243490520126274e+00   3.5245395442716398e-01   6.2635682227289697e+00
  -1.7697844607497699e+00   8.2698204492896466e-05   0.0000000000000000e+00   8.7609294842217286e-05   1.7245228624962494e+00   3.5285603360754597e-01   6.2635784525470308e+00
  -1.7694272400524664e+00   3.1641599122348626e-05   0.0000000000000000e+00   3.0580776713919522e-05   1.7243571268160935e+00   3.5320244188189692e-01   6.2635721546749847e+00
  -1.7691162262550433e+00  -2.4332965394407980e-06   0.0000000000000000e+00  -4.0686848988067249e-06   1.7244197056683852e+00   3.5353297678958184e-01   6.2636343051670327e+00
  -1.7687565267254139e+00  -8.5534764626388448e-06   0.0000000000000000e+00  -1.1761478826791779e-05   1.7244172550883066e+00   3.5390383248570906e-01   6.2635783953470359e+00
  -1.7684374382566102e+00   3.4926007422196515e-05   0.0000000000000000e+00   3.9335981697612004e-05   1.7247187760257439e+00   3.5427426039239857e-01   6.2635946579310176e+00
  -1.7680822971047481e+00   3.1820410756412387e-05   0.0000000000000000e+00   3.6769002715591640e-05   1.7247860203965319e+00   3.5464854421611081e-01   6.2635997210024135e+00
  -1.7677139925211300e+00   4.2561578938163530e-05   0.0000000000000000e+00   4.7310687128733624e-05   1.7248366650781699e+00   3.5503330372390207e-01   6.2636040524616474e+00
  -1.7673607461619427e+00   7.0687779924164188e-05   0.0000000000000000e+00   7.6885993776833861e-05   1.7249007179231854e+00   3.5540365857157458e-01   6.2636089646915476e+00
  -1.7669977765661913e+00   3.5476485432689655e-05   0.0000000000000000e+00   3.9141093291714296e-05   1.7249009414836949e+00   3.5577481862499882e-01   6.2636108626421763e+00
  -1.7666431196341645e+00  -3.2227090125653991e-05   0.0000000000000000e+00  -3.9276437458902674e-05   1.7245860429981592e+00   3.5609540904000908e-01   6.2635974458367647e+00
  -1.7662882069146755e+00   1.7963464809640105e-05   0.0000000000000000e+00   2.0042749833991392e-05   1.7249481089994396e+00   3.5650463565537510e-01   6.2636168675617192e+00
  -1.7660182563319577e+00  -7.2254363956943395e-06   0.0000000000000000e+00  -9.9138167698167752e-06   1.7248206844926242e+00   3.5676283635957545e-01   6.2636121237447222e+00
  -1.7656589408214050e+00   3.7443688861623235e-05   0.0000000000000000e+00   4.1989732177079485e-05   1.7251098409486880e+00   3.5716498253788309e-01   6.2636280412054104e+00
  -1.7652913908562942e+00   2.4955343334019937e-05   0.0000000000000000e+00   2.7567156906599508e-05   1.7250833688452467e+00   3.5753426391144622e-01   6.2636287385306497e+00
  -1.7652913908588839e+00   2.4955345836216487e-05   0.0000000000000000e+00   2.7567159920763351e-05   1.7250833688652147e+00   3.5753426391134291e-01   6.2636287385347824e+00
  -1.7649670603553615e+00   4.3509306546482486e-05   0.0000000000000000e+00   4.8238620918619460e-05   1.7252182037103370e+00   3.5787941780301935e-01   6.2636369379224428e+00
  -1.7646077217396094e+00   5.8040701758285278e-06   0.0000000000000000e+00   5.7203736054908820e-06   1.7250862687081199e+00   3.5822611390369968e-01   6.2636325943219209e+00
  -1.7642141225735017e+00  -1.1033228288539893e-05   0.0000000000000000e+00  -1.4265253760068563e-05   1.7250471461307164e+00   3.5861841210362905e-01   6.2636328612475394e+00
  -1.7638334127523734e+00   9.6710478574521704e-06   0.0000000000000000e+00   1.0220002143299190e-05   1.7252231749207987e+00   3.5902329329079236e-01   6.2636434707688027e+00
  -1.7635209737163313e+00   8.3789105018924824e-06   0.0000000000000000e+00   8.8614818830647237e-06   1.7252651761426840e+00   3.5934239458937001e-01   6.2636498370430953e+00
  -1.7631558980854627e+00   3.8279710829444850e-05   0.0000000000000000e+00   4.3665626938336379e-05   1.7254557174471381e+00   3.5973139001066395e-01   6.2636584888150413e+00
  -1.7627720052475642e+00   6.1201034869587848e-05   0.0000000000000000e+00   6.3491430199230954e-05   1.7253555031421650e+00   3.6010394564517756e-01   6.2636558193800393e+00
  -1.7623448103069395e+00  -1.3283234846067001e-05   0.0000000000000000e+00  -2.1124136120089558e-05   1.7250869235559585e+00   3.6049969174394864e-01   6.2636453260000522e+00
  -1.7619919630498291e+00   7.8307661606955413e-05   0.0000000000000000e+00   8.2992058836829974e-05   1.7255559514598018e+00   3.6090612868781108e-01   6.2636699236526141e+00
  -1.7616282871645688e+00   7.7694051024600173e-05   0.0000000000000000e+00   8.5654002370287645e-05   1.7257005729176251e+00   3.6128466733984499e-01   6.2636790068639323e+00
  -1.7612298657477758e+00   2.5067926566646263e-05   0.0000000000000000e+00   2.6621663725152341e-05   1.7255573630352952e+00   3.6166446733750712e-01   6.2636745494603945e+00
  -1.7608707833156072e+00  -5.1083762981147411e-06   0.0000000000000000e+00  -7.7507338809387245e-06   1.7254972381827960e+00   3.6201403995888826e-01   6.2636736192013025e+00
  -1.7605199826341020e+00   4.1642561853250521e-05   0.0000000000000000e+00   4.6721166058730550e-05   1.7257932847910413e+00   3.6239416649515210e-01   6.2636899161710886e+00
  -1.7601473061699964e+00   2.8155743656497490e-05   0.0000000000000000e+00   3.1621787086491626e-05   1.7257849770949139e+00   3.6276162468022705e-01   6.2636917508326349e+00
  -1.7598438354112222e+00   2.4179963769000340e-05   0.0000000000000000e+00   2.6843794020200573e-05   1.7257946622056104e+00   3.6306216025005084e-01   6.2636940023291743e+00
  -1.7595217192398569e+00   1.4953191657870928e-04   0.0000000000000000e+00   1.7290309330042733e-04   1.7264875421449515e+00   3.6345267183053437e-01   6.2637291877756818e+00
  -1.7591549716310855e+00   1.3103789315802115e-04   0.0000000000000000e+00   1.5107969997907430e-04   1.7264353799004954e+00   3.6380737148084147e-01   6.2637288793356181e+00
  -1.7587174595550104e+00   4.3987311512300490e-05   0.0000000000000000e+00   4.9577069241807820e-05   1.7260174417047405e+00   3.6419330747869022e-01   6.2637114854853042e+00
  -1.7582842282023512e+00   4.2481402822650069e-05   0.0000000000000000e+00   4.5018752502524473e-05   1.7259468325680740e+00   3.6461051855667970e-01   6.2637107532555181e+00
  -1.7578880003626527e+00   4.1075558628033360e-05   0.0000000000000000e+00   4.2891150137233192e-05   1.7259738445118815e+00   3.6500077842756323e-01   6.2637144860957754e+00
  -1.7575179498239484e+00   7.7042211453379056e-05   0.0000000000000000e+00   8.4266122178235461e-05   1.7261811528232991e+00   3.6538271176204173e-01   6.2637267057418002e+00
  -1.7571116090221803e+00   4.3859501446540623e-05   0.0000000000000000e+00   4.5626319305211916e-05   1.7260490834351641e+00   3.6576552699918302e-01   6.2637229216774202e+00
  -1.7567121642509835e+00   6.3342362317687196e-05   0.0000000000000000e+00   6.8487667519847458e-05   1.7262040669635557e+00   3.6616910110717277e-01   6.2637328412558286e+00
  -1.7562894832947076e+00  -2.0405246619218864e-05   0.0000000000000000e+00  -2.5053714831485856e-05   1.7259759860594381e+00   3.6655743891821713e-01   6.2637246136310818e+00
  -1.7559127676875614e+00   4.2759129160464701e-05   0.0000000000000000e+00   4.8757583600714630e-05   1.7263687381913526e+00   3.6695976080202003e-01   6.2637457711280424e+00
  -1.7555179490261179e+00   5.4664700467186415e-06   0.0000000000000000e+00   5.2164793839636510e-06   1.7262052920537665e+00   3.6732620324569082e-01   6.2637388569261514e+00
  -1.7551299372473339e+00   3.4751765331797584e-05   0.0000000000000000e+00   3.9250942746478741e-05   1.7264012422286161e+00   3.6771880494446668e-01   6.2637523415969634e+00
  -1.7547374656880776e+00   3.3489564320137512e-05   0.0000000000000000e+00   3.7246370857965223e-05   1.7264168435245404e+00   3.6809825312821631e-01   6.2637556263044596e+00
  -1.7543245286301072e+00   8.4020053612772420e-06   0.0000000000000000e+00   7.6501132553299474e-06   1.7263208179843381e+00   3.6848671685841522e-01   6.2637537409832484e+00
  -1.7538879330011983e+00  -2.2680153539131983e-05   0.0000000000000000e+00  -2.8582826789680104e-05   1.7261908810281545e+00   3.6889437700746369e-01   6.2637504200806839e+00
  -1.7534738853260579e+00  -3.2709663631243750e-05   0.0000000000000000e+00  -4.0423363974025909e-05   1.7261746131988780e+00   3.6928986229688038e-01   6.2637523867446774e+00
  -1.7530853952864942e+00  -5.5169082029563785e-06   0.0000000000000000e+00  -1.0657832433577034e-05   1.7262916922544920e+00   3.6967168444130455e-01   6.2637605366281432e+00
  -1.7527039008442118e+00   9.5435344597838061e-06   0.0000000000000000e+00   6.4694763746601662e-06   1.7264052522256574e+00   3.7004562614343278e-01   6.2637806642769371e+00
  -1.7522908052893083e+00  -3.1689835325662144e-05   0.0000000000000000e+00  -3.9114087746655284e-05   1.7263035632035728e+00   3.7043087477028769e-01   6.2637664455562945e+00
  -1.7519962437169614e+00  -2.8365795665642829e-05   0.0000000000000000e+00  -3.5252366871836479e-05   1.7263486974084585e+00   3.7071499062946750e-01   6.2637705839018860e+00
  -1.7516380238982332e+00   7.4005582499404133e-05   0.0000000000000000e+00   8.3869418620919348e-05   1.7269103046773173e+00   3.7110076310325535e-01   6.2637996849931099e+00
  -1.7512164882100738e+00  -4.8358305128734952e-06   0.0000000000000000e+00  -8.4675330114344824e-06   1.7265108813923937e+00   3.7146839309307444e-01   6.2637836026344651e+00
  -1.7508048891134274e+00  -2.2944005391336933e-05   0.0000000000000000e+00  -2.7956382790845765e-05   1.7265389219651932e+00   3.7186023030312682e-01   6.2637877613927362e+00
  -1.7503896638585552e+00  -2.2027356100447887e-05   0.0000000000000000e+00  -2.7211049460423927e-05   1.7265702434674681e+00   3.7225498375909211e-01   6.2637921160545016e+00
  -1.7503896638585008e+00  -2.2027357121189189e-05   0.0000000000000000e+00  -2.7211050609095285e-05   1.7265702434668466e+00   3.7225498375909605e-01   6.2637921160544305e+00
  -1.7499652576249451e+00  -4.4604711395519507e-05   0.0000000000000000e+00  -5.3823875713028564e-05   1.7264776015267358e+00   3.7264817880761447e-01   6.2637906749021797e+00
  -1.7495390937083422e+00  -4.7648586356080831e-05   0.0000000000000000e+00  -5.7469659379782215e-05   1.7264996782855051e+00   3.7305112269053653e-01   6.2637947044326960e+00
  -1.7491152564554837e+00  -3.5695466578070677e-05   0.0000000000000000e+00  -4.3960542136193596e-05   1.7265636429741900e+00   3.7345417327664182e-01   6.2638007137567202e+00
  -1.7486787923804437e+00  -5.4715813712502246e-05   0.0000000000000000e+00  -6.5885097360343973e-05   1.7265327170848301e+00   3.7386131665163247e-01   6.2638022995771561e+00
  -1.7482751557043654e+00  -4.6366451702741410e-05   0.0000000000000000e+00  -5.5978215464857068e-05   1.7266200638678932e+00   3.7424547577870815e-01   6.2638093464551936e+00
  -1.7478758997390074e+00  -4.2339879417912592e-05   0.0000000000000000e+00  -5.1045365276966562e-05   1.7266670446266912e+00   3.7462186496419930e-01   6.2638144267904670e+00
  -1.7475038460481824e+00   4.7418319961005423e-05   0.0000000000000000e+00   5.4319249374538630e-05   1.7272160172965814e+00   3.7500623917671444e-01   6.2638430290167815e+00
  -1.7471100502114607e+00   3.5855771679984779e-05   0.0000000000000000e+00   4.0184149998146811e-05   1.7271781911951496e+00   3.7536986305782577e-01   6.2638440740194001e+00
  -1.7466999896965087e+00   2.2441882126252558e-05   0.0000000000000000e+00   2.5129415344087478e-05   1.7271534772645072e+00   3.7574890566678215e-01   6.2638458781332647e+00
  -1.7462471842576459e+00   2.1025098474742916e-05   0.0000000000000000e+00   2.4938764846404470e-05   1.7272064651544103e+00   3.7617188490903852e-01   6.2638516760524547e+00
  -1.7457979049643850e+00   1.8974043256294639e-05   0.0000000000000000e+00   2.0471167414002218e-05   1.7271777472330732e+00   3.7658553380106308e-01   6.2638536031206433e+00
  -1.7453691810141005e+00   2.0271250741617495e-05   0.0000000000000000e+00   2.2010056903058458e-05   1.7272029088552665e+00   3.7698282441906006e-01   6.2638577780638824e+00
  -1.7449463088076973e+00   1.4622845696093339e-05   0.0000000000000000e+00   1.5087339507551499e-05   1.7272314019279154e+00   3.7737415620855908e-01   6.2638624144964430e+00
  -1.7445056911011640e+00   9.6315154654368273e-06   0.0000000000000000e+00   1.0909794340135852e-05   1.7272615831884941e+00   3.7778113844883560e-01   6.2638671235592867e+00
  -1.7441081244366674e+00  -4.8564413972709378e-06   0.0000000000000000e+00  -5.9540484441486704e-06   1.7272223253699694e+00   3.7814381174013850e-01   6.2638559060514165e+00
  -1.7436862203578254e+00   3.2175037323840879e-05   0.0000000000000000e+00   3.7282464422603334e-05   1.7274518696966017e+00   3.7854335007766104e-01   6.2638822045661273e+00
  -1.7432691738501627e+00   2.4615773491041505e-05   0.0000000000000000e+00   2.8149541904817773e-05   1.7274386232611267e+00   3.7892388066375310e-01   6.2638847262789934e+00
  -1.7428408021066717e+00   2.2318323569002015e-05   0.0000000000000000e+00   2.4871273178290748e-05   1.7274413106820978e+00   3.7931495188003594e-01   6.2638880959146128e+00
  -1.7423623580142038e+00  -4.7913747116663024e-05   0.0000000000000000e+00  -5.8964774779330245e-05   1.7270598447664409e+00   3.7973061734776448e-01   6.2638738355506423e+00
  -1.7419176732477528e+00  -4.5494646036168716e-05   0.0000000000000000e+00  -5.6242916374076706e-05   1.7270991341392798e+00   3.8013739577200584e-01   6.2638790945761311e+00
  -1.7414831469321221e+00  -4.3332980246418844e-05   0.0000000000000000e+00  -5.4139386345051062e-05   1.7271290726094923e+00   3.8053362791038015e-01   6.2638838517889770e+00
  -1.7410926301807197e+00   4.1353274788720907e-05   0.0000000000000000e+00   4.6171539460602514e-05   1.7276535586140704e+00   3.8091337531198227e-01   6.2639114623811887e+00
  -1.7406625330458576e+00   4.7272151734824491e-05   0.0000000000000000e+00   4.9962410203341842e-05   1.7276587902496834e+00   3.8130229770002855e-01   6.2639150351199993e+00
  -1.7402571573601062e+00   1.0796058661953031e-04   0.0000000000000000e+00   1.2434267714846737e-04   1.7280564307820196e+00   3.8168608609501414e-01   6.2639368266863151e+00
  -1.7398244322043142e+00   3.2151826347306619e-05   0.0000000000000000e+00   3.4617884082949092e-05   1.7276465663992264e+00   3.8205720959687828e-01   6.2639210268064760e+00
  -1.7393842875917371e+00   1.7258173484491509e-05   0.0000000000000000e+00   2.0366463312856309e-05   1.7276764203867279e+00   3.8245423814508939e-01   6.2639258997428566e+00
  -1.7389260069835539e+00  -4.5468890781713290e-05   0.0000000000000000e+00  -5.4718896944487786e-05   1.7273186590637633e+00   3.8285015730015348e-01   6.2639127987442080e+00
  -1.7384530891219840e+00  -4.7820709230319431e-05   0.0000000000000000e+00  -5.6866733754309076e-05   1.7273468508526200e+00   3.8327533234326155e-01   6.2639178923336134e+00
  -1.7380254434830242e+00  -3.8978831174524320e-05   0.0000000000000000e+00  -4.8614559314919669e-05   1.7273811046870464e+00   3.8365934728892320e-01   6.2639229066183253e+00
  -1.7376033820063459e+00   7.4531700297480563e-05   0.0000000000000000e+00   8.2322213630809984e-05   1.7279179533357292e+00   3.8405711255803532e-01   6.2639513559945206e+00
  -1.7371841408401747e+00   6.8186877140143613e-05   0.0000000000000000e+00   7.4648540182303247e-05   1.7278909856293465e+00   3.8442931490555671e-01   6.2639534767032909e+00
  -1.7367658982227394e+00   3.3013118355393551e-05   0.0000000000000000e+00   3.7176230541898341e-05   1.7278491346715827e+00   3.8479947614163479e-01   6.2639549145218334e+00
  -1.7363260876850148e+00   2.8643437930387937e-05   0.0000000000000000e+00   3.2330027755256613e-05   1.7278568126543461e+00   3.8518996020766366e-01   6.2639588457120698e+00
  -1.7358941831937478e+00   2.7177367198136441e-05   0.0000000000000000e+00   2.7479679370112066e-05   1.7277580084449953e+00   3.8556915814157466e-01   6.2639635150706283e+00
  -1.7354351041725484e+00  -6.3123849767592571e-06   0.0000000000000000e+00  -1.0195681161900040e-05   1.7277176442163305e+00   3.8597375817014268e-01   6.2639596514235789e+00
  -1.7349654003676200e+00   7.7422909960558562e-06   0.0000000000000000e+00   5.0328757959694835e-06   1.7277241440822295e+00   3.8638860084305410e-01   6.2639633297959252e+00
  -1.7345197942915056e+00   9.6511208941540317e-06   0.0000000000000000e+00   7.5227769353267092e-06   1.7277725235332402e+00   3.8678266851575688e-01   6.2639693684434929e+00
  -1.7340577762458840e+00  -6.6227453311694756e-06   0.0000000000000000e+00  -1.0041144006127770e-05   1.7277710834330273e+00   3.8718886318918055e-01   6.2639735494224507e+00
  -1.7336473679125264e+00  -1.1542774547225801e-05   0.0000000000000000e+00  -1.8813846346931233e-05   1.7276340764957419e+00   3.8754532248051682e-01   6.2639482214117690e+00
  -1.7336966029722993e+00   5.5360341549593995e-06   0.0000000000000000e+00   2.5478926508640786e-06   1.7277857165525106e+00   3.8750635282610441e-01   6.2639679271278226e+00
  -1.7332469906918762e+00  -1.7436031020304547e-05   0.0000000000000000e+00  -2.0055205079126434e-05   1.7278000755790042e+00   3.8790075623362308e-01   6.2639816943759472e+00
  -1.7327691364923874e+00  -1.5142776993361375e-05   0.0000000000000000e+00  -1.9620712390886704e-05   1.7277885465173795e+00   3.8831842903752406e-01   6.2639851742278632e+00
  -1.7323252339857182e+00   1.0038494964899519e-05   0.0000000000000000e+00   7.9602562605291999e-06   1.7278786154202568e+00   3.8870816255702118e-01   6.2639931032505469e+00
  -1.7318704760533714e+00   1.0262743395980244e-05   0.0000000000000000e+00   7.2545567219762580e-06   1.7278935971947946e+00   3.8910466718515579e-01   6.2639976524154806e+00
  -1.7314483575289690e+00   5.3299675909812989e-06   0.0000000000000000e+00   2.4840993315285086e-07   1.7278974320157581e+00   3.8947184223681069e-01   6.2640102274933867e+00
  -1.7309737563854450e+00  -4.9851825277746235e-06   0.0000000000000000e+00  -8.6085932536410244e-06   1.7279097683855282e+00   3.8988415167016582e-01   6.2640060697588789e+00
  -1.7305140306130486e+00   1.5469741923842638e-05   0.0000000000000000e+00   1.7862870833007602e-05   1.7280734028771207e+00   3.9028558695976079e-01   6.2640176071255169e+00
  -1.7300804958187233e+00   2.3337152858079479e-06   0.0000000000000000e+00   3.6997143476764634e-06   1.7280934734158624e+00   3.9066072322699430e-01   6.2640236054522278e+00
  -1.7296169769028431e+00   4.7793666644933549e-06   0.0000000000000000e+00   6.0928495153438425e-06   1.7281039291587781e+00   3.9106084341828640e-01   6.2640267716705855e+00
  -1.7291702792196966e+00   3.0989734621123847e-06   0.0000000000000000e+00   3.0379407700729054e-06   1.7280833055398011e+00   3.9144523228202943e-01   6.2640344584050007e+00
  -1.7287366636426189e+00  -3.4117004783270221e-05   0.0000000000000000e+00  -4.1770517392227099e-05   1.7278666002678589e+00   3.9181495688773288e-01   6.2639969070569812e+00
  -1.7282506041525614e+00  -9.0617394687506402e-06   0.0000000000000000e+00  -1.1665344437091446e-05   1.7280575787757264e+00   3.9223485323879093e-01   6.2640365476841193e+00
  -1.7278105287128727e+00   2.5720104210487938e-07   0.0000000000000000e+00  -5.0189438111433702e-07   1.7281173742128373e+00   3.9261257131050425e-01   6.2640431817225997e+00
  -1.7273451580238453e+00   3.5971033062874207e-05   0.0000000000000000e+00   4.3529774253546777e-05   1.7283770072213855e+00   3.9301311624878732e-01   6.2640592769199044e+00
  -1.7268750157868229e+00   3.5950157510687219e-05   0.0000000000000000e+00   4.2251426792270510e-05   1.7283638631872742e+00   3.9341389846294289e-01   6.2640628288195392e+00
  -1.7263876513966758e+00  -4.6793808966055213e-05   0.0000000000000000e+00  -5.6701748549538684e-05   1.7278770812767397e+00   3.9382481086794996e-01   6.2640447186922206e+00
  -1.7258909874492441e+00  -4.0117079297944217e-05   0.0000000000000000e+00  -4.9116361187682704e-05   1.7279167942147755e+00   3.9424763487112841e-01   6.2640509929807298e+00
  -1.7254224744617668e+00  -4.2348411764020994e-05   0.0000000000000000e+00  -5.0830095950665700e-05   1.7279491033342069e+00   3.9464561855981684e-01   6.2640566905582649e+00
  -1.7249421176613469e+00  -4.1816198585066367e-05   0.0000000000000000e+00  -5.0311384289976468e-05   1.7279693190574459e+00   3.9505273881894087e-01   6.2640619517167320e+00
  -1.7244413777091070e+00  -3.9247792639782510e-05   0.0000000000000000e+00  -4.7884090331727427e-05   1.7279700870037962e+00   3.9547618904786219e-01   6.2640665201356516e+00
  -1.7239401872873794e+00  -3.1366879405584294e-05   0.0000000000000000e+00  -3.8824351181469158e-05   1.7280170142443201e+00   3.9589927925400359e-01   6.2640732311716496e+00
  -1.7234535976547343e+00  -3.0363702082734937e-05   0.0000000000000000e+00  -3.7649038457557991e-05   1.7280426834858740e+00   3.9630911698818605e-01   6.2640788491312929e+00
  -1.7229859721523639e+00  -9.2954672973852827e-06   0.0000000000000000e+00  -1.2774372848219026e-05   1.7281705821990356e+00   3.9670210959865465e-01   6.2640890032475847e+00
  -1.7225152957380563e+00  -4.6145397716993256e-06   0.0000000000000000e+00  -8.2493179895089650e-06   1.7281794490919038e+00   3.9709685873751266e-01   6.2640937245926231e+00
  -1.7220261091224711e+00  -5.7053954485937598e-05   0.0000000000000000e+00  -7.1187954028198490e-05   1.7278669313912569e+00   3.9750723641372637e-01   6.2640838898658551e+00
  -1.7215131119318940e+00   8.4030362363852056e-06   0.0000000000000000e+00   8.4833984712972044e-06   1.7283302361368338e+00   3.9793424205429101e-01   6.2641099013551012e+00
  -1.7210431159188437e+00  -1.3732739592073499e-05   0.0000000000000000e+00  -1.7947075230035024e-05   1.7282078566622463e+00   3.9832669764262385e-01   6.2641086511538759e+00
  -1.7205361156316981e+00  -1.1651357021762942e-05   0.0000000000000000e+00  -1.5380690526763562e-05   1.7282302425397198e+00   3.9874846866373209e-01   6.2641144008150249e+00
  -1.7200399235637063e+00  -8.8643893117548547e-06   0.0000000000000000e+00  -1.1708760650736508e-05   1.7282601567496532e+00   3.9916031972401883e-01   6.2641204126820265e+00
  -1.7195285200414638e+00   2.3111915277755011e-05   0.0000000000000000e+00   2.5097261861189234e-05   1.7283804753539402e+00   3.9958301949523833e-01   6.2641307150708672e+00
  -1.7190374771407824e+00   2.2610374833914350e-05   0.0000000000000000e+00   2.3992507138169546e-05   1.7283967568724978e+00   3.9998887430412605e-01   6.2641360798437216e+00
  -1.7185628415585161e+00   1.9296828655123926e-06   0.0000000000000000e+00   2.1703656677554506e-06   1.7283709820965740e+00   4.0038092295945238e-01   6.2641298833655590e+00
  -1.7180823182592253e+00  -1.4922295286644204e-05   0.0000000000000000e+00  -1.8158479461538653e-05   1.7282578318103328e+00   4.0077831243203549e-01   6.2641387790295360e+00
  -1.7175888341214918e+00  -4.0080586267945936e-05   0.0000000000000000e+00  -4.8369226233923085e-05   1.7281088143388983e+00   4.0118637042188621e-01   6.2641366668429814e+00
  -1.7170904311052426e+00  -3.1979745341551099e-05   0.0000000000000000e+00  -3.8623033131370571e-05   1.7281794283445251e+00   4.0159465909260705e-01   6.2641446549853921e+00
  -1.7165958386840250e+00  -5.6338745552433953e-05   0.0000000000000000e+00  -6.7653997507637103e-05   1.7280207758219379e+00   4.0200266586144112e-01   6.2641421576604230e+00
  -1.7160940784151197e+00  -5.7488480578626952e-05   0.0000000000000000e+00  -6.7825660631616965e-05   1.7280392671439089e+00   4.0241303748511464e-01   6.2641478403142674e+00
  -1.7156027463344243e+00  -5.1119393595267614e-05   0.0000000000000000e+00  -6.1323540305645814e-05   1.7280704726745681e+00   4.0281375763639593e-01   6.2641540021486461e+00
  -1.7151076245341899e+00  -3.1961955802352725e-05   0.0000000000000000e+00  -4.0985386944256044e-05   1.7280971235537219e+00   4.0321686074015262e-01   6.2641600036399412e+00
  -1.7151076245341907e+00  -3.1961955944695094e-05   0.0000000000000000e+00  -4.0985387138402426e-05   1.7280971235536795e+00   4.0321686074015156e-01   6.2641600036399261e+00
  -1.7146071508384966e+00  -2.8462683458444139e-05   0.0000000000000000e+00  -3.6359652520397004e-05   1.7281506387986276e+00   4.0362290206341311e-01   6.2641673094596193e+00
  -1.7141089766171294e+00  -3.8542723387003644e-05   0.0000000000000000e+00  -4.8462737422837072e-05   1.7280968200180582e+00   4.0402858256092561e-01   6.2641697151508842e+00
  -1.7136028892249531e+00  -1.4265655008341770e-05   0.0000000000000000e+00  -2.2470562403216930e-05   1.7281564918432246e+00   4.0443733693916273e-01   6.2641773719671399e+00
  -1.7131038269386076e+00  -5.3347064603269675e-06   0.0000000000000000e+00  -1.1605999474550647e-05   1.7281895757645926e+00   4.0484013746332881e-01   6.2641880543326014e+00
  -1.7126037920474546e+00  -3.4638196167250659e-05   0.0000000000000000e+00  -4.3823725262613580e-05   1.7281258377746964e+00   4.0524539547182353e-01   6.2641858274394497e+00
  -1.7120984762221074e+00  -2.8684382603638064e-05   0.0000000000000000e+00  -3.7571421941379470e-05   1.7281612133021185e+00   4.0565158267078322e-01   6.2641922205716494e+00
  -1.7115986951268656e+00  -3.1397892025072519e-05   0.0000000000000000e+00  -3.8026537494568728e-05   1.7281764969197349e+00   4.0605307078589098e-01   6.2641980751197135e+00
  -1.7110944997632318e+00  -3.5468344879300424e-05   0.0000000000000000e+00  -4.3105186691401001e-05   1.7281648937438503e+00   4.0645804404015418e-01   6.2642025582610730e+00
  -1.7105937313711668e+00  -6.2615282787241780e-05   0.0000000000000000e+00  -7.6377376347552993e-05   1.7279801463140370e+00   4.0686493427887244e-01   6.2641991670466108e+00
  -1.7100779805132846e+00  -4.3982214136137106e-05   0.0000000000000000e+00  -5.4974756545361168e-05   1.7280578546440668e+00   4.0727501249513637e-01   6.2642078575318072e+00
  -1.7095821827143460e+00  -9.9945557070201470e-06   0.0000000000000000e+00  -1.4120218464757049e-05   1.7282909883019619e+00   4.0766291401628957e-01   6.2642234069453275e+00
  -1.7090918640699007e+00  -1.5245205263762244e-05   0.0000000000000000e+00  -1.8881143808285488e-05   1.7282776574481151e+00   4.0805378927741703e-01   6.2642277406497318e+00
  -1.7085843227597122e+00  -1.2639338022664108e-05   0.0000000000000000e+00  -1.5656919058488080e-05   1.7282765592075418e+00   4.0845719539228004e-01   6.2642328191825056e+00
  -1.7080723071882464e+00   4.6007615560318038e-05   0.0000000000000000e+00   5.1845194917132377e-05   1.7285729011650754e+00   4.0885205703472938e-01   6.2642514141038514e+00
  -1.7076198192080621e+00  -8.2189050650656800e-06   0.0000000000000000e+00  -1.1638011577425131e-05   1.7282776154107906e+00   4.0922157291832395e-01   6.2642629142406410e+00
  -1.7071035673490431e+00  -4.2007276259054173e-05   0.0000000000000000e+00  -5.1851863463969842e-05   1.7280730001123421e+00   4.0963766821874215e-01   6.2642386394090028e+00
  -1.7065786195289843e+00  -4.2002868672845097e-05   0.0000000000000000e+00  -5.2376744493273320e-05   1.7280695700471340e+00   4.1005211818107951e-01   6.2642438490589365e+00
  -1.7060593656956560e+00  -3.7757044584749153e-05   0.0000000000000000e+00  -4.7175387891907133e-05   1.7280656307199127e+00   4.1046132659064682e-01   6.2642492189630508e+00
  -1.7055467484367621e+00  -3.9319092789757859e-05   0.0000000000000000e+00  -4.9139177346217517e-05   1.7280619945170195e+00   4.1086450990274881e-01   6.2642540991487348e+00
  -1.7049979860953899e+00  -3.1284150447869394e-05   0.0000000000000000e+00  -4.0345182092921919e-05   1.7280592285454466e+00   4.1129521622534981e-01   6.2642596351332225e+00
  -1.7044690378335043e+00  -3.1372641543350870e-05   0.0000000000000000e+00  -4.0405567487463905e-05   1.7280508421037275e+00   4.1170981319347727e-01   6.2642647297290379e+00
  -1.7039507153937341e+00  -3.8754583679035560e-05   0.0000000000000000e+00  -4.8276653663466619e-05   1.7280384905558206e+00   4.1211551142478314e-01   6.2642695541632980e+00
  -1.7034451923944929e+00  -3.2681741471659104e-05   0.0000000000000000e+00  -4.0302141041809465e-05   1.7280314431145174e+00   4.1251024819600551e-01   6.2642745021618493e+00
  -1.7028982348686228e+00  -2.5463316745162098e-05   0.0000000000000000e+00  -3.1569999096832374e-05   1.7280661627606795e+00   4.1293440370327489e-01   6.2642817762602920e+00
  -1.7023779500492615e+00  -2.5483880692381659e-05   0.0000000000000000e+00  -3.1579335244490422e-05   1.7280578847343251e+00   4.1333907427298050e-01   6.2642868497926054e+00
  -1.7018612641493474e+00  -2.6572097148553890e-05   0.0000000000000000e+00  -3.3024222734027132e-05   1.7280489361116276e+00   4.1374023073116817e-01   6.2642918674244745e+00
  -1.7013500669799249e+00  -2.6798278466502071e-05   0.0000000000000000e+00  -3.3229577945784190e-05   1.7280436443791436e+00   4.1413620471070806e-01   6.2642970119823680e+00
  -1.7008433760443769e+00  -2.5450026320117667e-05   0.0000000000000000e+00  -3.2901763030695345e-05   1.7280365365845736e+00   4.1452802937396582e-01   6.2643020358264776e+00
  -1.7003008225188398e+00  -3.1474638588360817e-05   0.0000000000000000e+00  -3.9363412453565234e-05   1.7280221754113010e+00   4.1494720525334877e-01   6.2643071325267767e+00
  -1.6997744227068523e+00  -2.5666380980176559e-05   0.0000000000000000e+00  -3.1922978171514826e-05   1.7280119379436070e+00   4.1535294357227515e-01   6.2643122634806403e+00
  -1.6992617118380802e+00  -4.0106231026708809e-05   0.0000000000000000e+00  -4.9563525022068721e-05   1.7279037012670329e+00   4.1575301813803706e-01   6.2643128559403438e+00
  -1.6987285306162336e+00   9.9082863438036019e-06   0.0000000000000000e+00   1.0246556509691802e-05   1.7282148448897221e+00   4.1614359588616823e-01   6.2643325257903744e+00
  -1.6982036105069684e+00   9.3328377930550317e-06   0.0000000000000000e+00   9.5562013609891193e-06   1.7281962171335188e+00   4.1654615475644680e-01   6.2643373030035301e+00
  -1.6977015834941966e+00  -2.0767600101646566e-06   0.0000000000000000e+00  -2.8725999324034829e-06   1.7281542577991520e+00   4.1693195191356691e-01   6.2643440194470834e+00
  -1.6971807890266868e+00   9.9112032203402992e-06   0.0000000000000000e+00   1.0457754613952434e-05   1.7281817294247259e+00   4.1732709209618224e-01   6.2643476360634338e+00
  -1.6966568333556133e+00   9.9602357202448483e-06   0.0000000000000000e+00   1.0070010660369656e-05   1.7281594216245320e+00   4.1772697413121923e-01   6.2643522837994841e+00
  -1.6961571279475358e+00  -3.9166347071395025e-05   0.0000000000000000e+00  -4.9752197903957945e-05   1.7278274288242399e+00   4.1812777311239041e-01   6.2643427970983554e+00
  -1.6956208599867573e+00  -3.4170484561016129e-05   0.0000000000000000e+00  -4.3406317226133841e-05   1.7278428996252575e+00   4.1853349779066862e-01   6.2643493089106164e+00
  -1.6950777080875856e+00  -2.9135537032415165e-05   0.0000000000000000e+00  -3.7471803370303205e-05   1.7278442236850777e+00   4.1894452429165990e-01   6.2643552745806756e+00
  -1.6950777080876198e+00  -2.9135538104963177e-05   0.0000000000000000e+00  -3.7471804565792903e-05   1.7278442236844338e+00   4.1894452429167645e-01   6.2643552745806339e+00
  -1.7053725489178286e+00  -3.7053562522746109e-05   0.0000000000000000e+00  -4.6312962930696490e-05   1.7280615260736500e+00   4.1100131615629260e-01   6.2642558742517300e+00
  -1.7105486612296112e+00  -6.2326133054355225e-05   0.0000000000000000e+00  -7.6046783780849789e-05   1.7279811790066706e+00   4.0690098887532061e-01   6.2641996646044182e+00
  -1.7113985346778413e+00  -3.4081848171039873e-05   0.0000000000000000e+00  -4.1317794262718242e-05   1.7281579739315136e+00   4.0621434793936578e-01   6.2641992218995615e+00
  -1.7128152882038654e+00  -2.3660836088795247e-05   0.0000000000000000e+00  -3.0683340771712678e-05   1.7281881865461006e+00   4.0507313124516037e-01   6.2641865722173344e+00
  -1.6930766327930027e+00   8.1825847807872676e-06   0.0000000000000000e+00   1.0614083107681893e-05   1.7280889731582445e+00   4.2043467048675581e-01   6.2644116187633028e+00
  -1.6925711772482983e+00   2.9623842976222751e-07   0.0000000000000000e+00   4.8107464684155410e-07   1.7279944141262864e+00   4.2082032654732038e-01   6.2643894571318359e+00
  -1.6920933094841375e+00  -3.5428397314467324e-06   0.0000000000000000e+00  -3.9149644547898657e-06   1.7279664228612153e+00   4.2118001504301089e-01   6.2644129968893205e+00
  -1.6915780249607113e+00  -4.1999232254085276e-05   0.0000000000000000e+00  -5.0847444045007493e-05   1.7276973763380585e+00   4.2158499773452984e-01   6.2643871569803711e+00
  -1.6910189209759157e+00  -1.7374872349744541e-05   0.0000000000000000e+00  -2.0974183451789204e-05   1.7278237956719007e+00   4.2199261500535123e-01   6.2643989994593223e+00
  -1.6904816089276238e+00  -2.9901843402860305e-05   0.0000000000000000e+00  -3.6353039985532723e-05   1.7277182269106239e+00   4.2240071930268458e-01   6.2644002581206397e+00
  -1.6899443638774774e+00  -2.9159533132216711e-05   0.0000000000000000e+00  -3.5363515532458825e-05   1.7277028113982686e+00   4.2280121686537159e-01   6.2644055573356301e+00
  -1.6893794642169768e+00  -2.7912398819337865e-05   0.0000000000000000e+00  -3.3637105545246503e-05   1.7276915776833193e+00   4.2322113278563001e-01   6.2644113659780212e+00
  -1.6888424531470330e+00  -2.5783997165775177e-05   0.0000000000000000e+00  -3.1612150285932999e-05   1.7276604139418610e+00   4.2362119723877534e-01   6.2644159921734577e+00
  -1.6882683721622356e+00  -1.1212250071919043e-05   0.0000000000000000e+00  -1.3155771763129019e-05   1.7277512332485427e+00   4.2403797811453958e-01   6.2644264842193085e+00
  -1.6877490548184668e+00  -3.1767531271395999e-05   0.0000000000000000e+00  -3.8428219561097729e-05   1.7275855630084844e+00   4.2443457465899470e-01   6.2644249459044898e+00
  -1.6871745598024404e+00  -4.0557039813755758e-05   0.0000000000000000e+00  -4.8408686954227804e-05   1.7274907062822789e+00   4.2486546194611541e-01   6.2644272077075414e+00
  -1.6866169037403795e+00  -3.0774051285047403e-05   0.0000000000000000e+00  -3.6494283171684302e-05   1.7275235763980570e+00   4.2527249579929771e-01   6.2644349793846885e+00
  -1.6860517562347268e+00  -3.0439088872478208e-05   0.0000000000000000e+00  -3.6050921480981460e-05   1.7274979062536309e+00   4.2568916767204923e-01   6.2644402453897987e+00
  -1.6855179072165438e+00  -2.8544481384055223e-05   0.0000000000000000e+00  -3.4300571769187681e-05   1.7274917048890963e+00   4.2608047095269275e-01   6.2644460333436092e+00
  -1.6849627440651658e+00  -3.6357065049956928e-05   0.0000000000000000e+00  -4.4485930859856304e-05   1.7273978582516292e+00   4.2649436452263989e-01   6.2644481844311750e+00
  -1.6844205395937819e+00  -2.8714382147796704e-05   0.0000000000000000e+00  -3.5139364173051412e-05   1.7274173167349751e+00   4.2688807970685666e-01   6.2644552426240123e+00
  -1.6838620442933681e+00  -3.3951807696869491e-05   0.0000000000000000e+00  -4.1604780442683024e-05   1.7273497900335915e+00   4.2730072534002750e-01   6.2644586359838490e+00
  -1.6833156025297693e+00  -2.5951494707777235e-05   0.0000000000000000e+00  -3.1411147206967164e-05   1.7273659988755659e+00   4.2769628209486077e-01   6.2644656284305906e+00
  -1.6827640225738123e+00  -4.3399236811662635e-05   0.0000000000000000e+00  -5.3164243160389991e-05   1.7272142480408677e+00   4.2811036147649650e-01   6.2644652360209934e+00
  -1.6950777080876198e+00  -2.9135538104963177e-05   0.0000000000000000e+00  -3.7471804565792903e-05   1.7278442236844338e+00   4.1894452429167645e-01   6.2643552745806339e+00
  -1.6945514298718820e+00  -4.1911706196978031e-05   0.0000000000000000e+00  -4.9948621945384080e-05   1.7278216135083873e+00   4.1934361962006728e-01   6.2643600165466644e+00
  -1.6940286678479533e+00  -2.5274629087059127e-05   0.0000000000000000e+00  -3.0551798468316645e-05   1.7278954969874405e+00   4.1973269878660668e-01   6.2643690334378048e+00
  -1.6935106585062423e+00  -1.0729657681175128e-05   0.0000000000000000e+00  -1.2879416763974565e-05   1.7279674132602940e+00   4.2011740024478983e-01   6.2643779266650252e+00
  -1.6930390370773187e+00  -3.8668122694153993e-05   0.0000000000000000e+00  -4.6660423401968519e-05   1.7277798943079250e+00   4.2048495612128750e-01   6.2643731514968950e+00
  -1.6930766327930027e+00   8.1825847807872676e-06   0.0000000000000000e+00   1.0614083107681893e-05   1.7280889731582445e+00   4.2043467048675581e-01   6.2644116187633028e+00
  -1.6925711772482983e+00   2.9623842976222751e-07   0.0000000000000000e+00   4.8107464684155410e-07   1.7279944141262864e+00   4.2082032654732038e-01   6.2643894571318359e+00
  -1.6920933094841375e+00  -3.5428397314467324e-06   0.0000000000000000e+00  -3.9149644547898657e-06   1.7279664228612153e+00   4.2118001504301089e-01   6.2644129968893205e+00
  -1.6915780249607113e+00  -4.1999232254085276e-05   0.0000000000000000e+00  -5.0847444045007493e-05   1.7276973763380585e+00   4.2158499773452984e-01   6.2643871569803711e+00
  -1.6910189209759157e+00  -1.7374872349744541e-05   0.0000000000000000e+00  -2.0974183451789204e-05   1.7278237956719007e+00   4.2199261500535123e-01   6.2643989994593223e+00
  -1.6904816089276238e+00  -2.9901843402860305e-05   0.0000000000000000e+00  -3.6353039985532723e-05   1.7277182269106239e+00   4.2240071930268458e-01   6.2644002581206397e+00
  -1.6899443638774774e+00  -2.9159533132216711e-05   0.0000000000000000e+00  -3.5363515532458825e-05   1.7277028113982686e+00   4.2280121686537159e-01   6.2644055573356301e+00
  -1.6893794642169768e+00  -2.7912398819337865e-05   0.0000000000000000e+00  -3.3637105545246503e-05   1.7276915776833193e+00   4.2322113278563001e-01   6.2644113659780212e+00
  -1.6888424531470330e+00  -2.5783997165775177e-05   0.0000000000000000e+00  -3.1612150285932999e-05   1.7276604139418610e+00   4.2362119723877534e-01   6.2644159921734577e+00
  -1.6882683721622356e+00  -1.1212250071919043e-05   0.0000000000000000e+00  -1.3155771763129019e-05   1.7277512332485427e+00   4.2403797811453958e-01   6.2644264842193085e+00
  -1.6877490548184668e+00  -3.1767531271395999e-05   0.0000000000000000e+00  -3.8428219561097729e-05   1.7275855630084844e+00   4.2443457465899470e-01   6.2644249459044898e+00
  -1.6871745598024404e+00  -4.0557039813755758e-05   0.0000000000000000e+00  -4.8408686954227804e-05   1.7274907062822789e+00   4.2486546194611541e-01   6.2644272077075414e+00
  -1.6866169037403795e+00  -3.0774051285047403e-05   0.0000000000000000e+00  -3.6494283171684302e-05   1.7275235763980570e+00   4.2527249579929771e-01   6.2644349793846885e+00
  -1.6860517562347268e+00  -3.0439088872478208e-05   0.0000000000000000e+00  -3.6050921480981460e-05   1.7274979062536309e+00   4.2568916767204923e-01   6.2644402453897987e+00
  -1.6855179072165438e+00  -2.8544481384055223e-05   0.0000000000000000e+00  -3.4300571769187681e-05   1.7274917048890963e+00   4.2608047095269275e-01   6.2644460333436092e+00
  -1.6849627440651658e+00  -3.6357065049956928e-05   0.0000000000000000e+00  -4.4485930859856304e-05   1.7273978582516292e+00   4.2649436452263989e-01   6.2644481844311750e+00
  -1.6844205395937819e+00  -2.8714382147796704e-05   0.0000000000000000e+00  -3.5139364173051412e-05   1.7274173167349751e+00   4.2688807970685666e-01   6.2644552426240123e+00
  -1.6838620442933681e+00  -3.3951807696869491e-05   0.0000000000000000e+00  -4.1604780442683024e-05   1.7273497900335915e+00   4.2730072534002750e-01   6.2644586359838490e+00
  -1.6833156025297693e+00  -2.5951494707777235e-05   0.0000000000000000e+00  -3.1411147206967164e-05   1.7273659988755659e+00   4.2769628209486077e-01   6.2644656284305906e+00
  -1.6827640225738123e+00  -4.3399236811662635e-05   0.0000000000000000e+00  -5.3164243160389991e-05   1.7272142480408677e+00   4.2811036147649650e-01   6.2644652360209934e+00
  -1.6827640225738134e+00  -4.3399237867441045e-05   0.0000000000000000e+00  -5.3164244350049364e-05   1.7272142480408668e+00   4.2811036147649528e-01   6.2644652360210680e+00
  -1.6822134254752152e+00  -3.7641014995765061e-05   0.0000000000000000e+00  -4.6842915469228185e-05   1.7272011222558761e+00   4.2851026716540147e-01   6.2644709959559082e+00
  -1.6816390897938001e+00  -1.4474507132326835e-05   0.0000000000000000e+00  -1.8329044452008897e-05   1.7273232900010074e+00   4.2891366905354017e-01   6.2644830524766109e+00
  -1.6810714034471159e+00  -1.4555639978768675e-05   0.0000000000000000e+00  -1.8310969931467082e-05   1.7272812398956019e+00   4.2932699117804479e-01   6.2644885044667502e+00
  -1.6805285855865422e+00  -2.4745527027269791e-05   0.0000000000000000e+00  -3.1333078523303365e-05   1.7271794390388058e+00   4.2972756190185213e-01   6.2644895425440970e+00
  -1.6799386135566645e+00  -5.1709440960573702e-06   0.0000000000000000e+00  -7.2224265223712426e-06   1.7272761134909544e+00   4.3014182791866423e-01   6.2645006854243048e+00
  -1.6793677609487658e+00   3.4783452571924424e-05   0.0000000000000000e+00   4.2128008442513724e-05   1.7275150151929322e+00   4.3052702867295017e-01   6.2645490469260849e+00
  -1.6788671280615175e+00  -2.1591028012541800e-05   0.0000000000000000e+00  -2.6667673531851694e-05   1.7271098339006909e+00   4.3092590558955890e-01   6.2645058460002492e+00
  -1.6783131509311506e+00  -2.4953605047113424e-05   0.0000000000000000e+00  -3.0964810167003448e-05   1.7270488453965194e+00   4.3132789799276905e-01   6.2645096258484161e+00
  -1.6777416162545198e+00  -2.4679224255974558e-05   0.0000000000000000e+00  -3.1257231312325369e-05   1.7270002145185552e+00   4.3174049793129005e-01   6.2645141770042851e+00
  -1.6771530725729813e+00  -2.4934339367170927e-05   0.0000000000000000e+00  -3.1438720244397515e-05   1.7269680966916134e+00   4.3216275693420858e-01   6.2645196813493431e+00
  -1.6766071158634082e+00  -2.1367003277227408e-05   0.0000000000000000e+00  -2.7287894325569968e-05   1.7269419875483807e+00   4.3255337310089481e-01   6.2645249637524749e+00
  -1.6760112888816301e+00   1.7364171836072005e-05   0.0000000000000000e+00   2.0701611311314371e-05   1.7271695147240236e+00   4.3295150877245664e-01   6.2645420593416894e+00
  -1.6755071726493032e+00   1.3317977114100007e-06   0.0000000000000000e+00   8.9631506092849740e-07   1.7270267358771638e+00   4.3332352981227151e-01   6.2645658944305538e+00
  -1.6749547380360243e+00  -1.5031595201371793e-05   0.0000000000000000e+00  -1.9394842240303980e-05   1.7268742469915856e+00   4.3373023320889320e-01   6.2645415344249180e+00
  -1.6744039450243151e+00  -2.3284784874022253e-05   0.0000000000000000e+00  -2.9599220615786306e-05   1.7267739462293867e+00   4.3412966885357851e-01   6.2645436547629707e+00
  -1.6738135434819694e+00  -1.3574749334641911e-05   0.0000000000000000e+00  -1.7517526044654300e-05   1.7267993022864592e+00   4.3454249532688882e-01   6.2645518088750372e+00
  -1.6732416526029090e+00  -1.6832615125714482e-05   0.0000000000000000e+00  -2.1568680200020530e-05   1.7267368862334238e+00   4.3495126530871842e-01   6.2645558837761142e+00
  -1.6726483711375590e+00  -1.6876558304341349e-05   0.0000000000000000e+00  -2.1232323133433747e-05   1.7266992987522902e+00   4.3537155422097606e-01   6.2645613284974511e+00
  -1.6720518819093448e+00  -1.4946294395282036e-05   0.0000000000000000e+00  -1.8840970369059078e-05   1.7266673038412144e+00   4.3579268375909325e-01   6.2645670714847084e+00
  -1.6720518819093499e+00  -1.4946294160972713e-05   0.0000000000000000e+00  -1.8840970170511093e-05   1.7266673038411788e+00   4.3579268375909302e-01   6.2645670714846515e+00
  -1.6715043474667279e+00  -2.1431979780401155e-05   0.0000000000000000e+00  -2.6890403221029254e-05   1.7265795273904054e+00   4.3618531053424775e-01   6.2645697833246574e+00
  -1.6709276914241129e+00  -2.6450792674286018e-05   0.0000000000000000e+00  -3.3141230794659866e-05   1.7264985321173170e+00   4.3659690311560118e-01   6.2645731601696397e+00
  -1.6703416251243837e+00  -2.7729346371249585e-05   0.0000000000000000e+00  -3.5065433093859851e-05   1.7264301114059959e+00   4.3701293901355398e-01   6.2645772192663358e+00
  -1.6697434337473187e+00  -2.5411155311425082e-05   0.0000000000000000e+00  -3.2172433479430271e-05   1.7263998363123392e+00   4.3743220178250025e-01   6.2645831228898512e+00
  -1.6691461032870423e+00  -2.5620814568720735e-05   0.0000000000000000e+00  -3.1579240087687507e-05   1.7263614254553321e+00   4.3785106817633418e-01   6.2645886750050686e+00
  -1.6685454510780289e+00  -2.3037607696678362e-05   0.0000000000000000e+00  -2.8494671502187468e-05   1.7263266881373442e+00   4.3827101915545780e-01   6.2645944428609628e+00
  -1.6679462769365323e+00  -2.2298906038300086e-05   0.0000000000000000e+00  -2.7673160835814208e-05   1.7262788613593898e+00   4.3869077773334192e-01   6.2645996326147904e+00
  -1.6673347869595854e+00  -1.7687683777278277e-05   0.0000000000000000e+00  -2.1847222915239184e-05   1.7262628535845275e+00   4.3911435530465653e-01   6.2646063868220043e+00
  -1.6667393847342797e+00  -1.6769684747187454e-05   0.0000000000000000e+00  -2.0881048965139362e-05   1.7262139726420060e+00   4.3953012555185444e-01   6.2646115150991308e+00
  -1.6661397006798047e+00  -1.7700701556390760e-05   0.0000000000000000e+00  -2.1906547853076622e-05   1.7261623534416550e+00   4.3994846715455876e-01   6.2646165939563563e+00
  -1.6655381798232123e+00  -1.7773183659768899e-05   0.0000000000000000e+00  -2.1666236880601511e-05   1.7261114559782824e+00   4.4036724486705336e-01   6.2646217397051691e+00
  -1.6649385777490704e+00  -1.7388834902073492e-05   0.0000000000000000e+00  -2.1194390055549458e-05   1.7260628022410047e+00   4.4078370161561875e-01   6.2646269787615703e+00
  -1.6642858368324236e+00   4.4460854777491089e-05   0.0000000000000000e+00   5.5390367605720939e-05   1.7264263696441524e+00   4.4118217536800008e-01   6.2646509733541871e+00
  -1.6637812616159653e+00  -1.3792558339554627e-05   0.0000000000000000e+00  -1.7047832934600400e-05   1.7259711951376302e+00   4.4158517898052757e-01   6.2646372292040891e+00
  -1.6631792427801773e+00  -1.2407706290530049e-05   0.0000000000000000e+00  -1.5491683825758983e-05   1.7259212220109674e+00   4.4200133360527644e-01   6.2646424839329331e+00
  -1.6626021281018679e+00  -1.2891469365356059e-05   0.0000000000000000e+00  -1.5058853385885221e-05   1.7258691901340968e+00   4.4240014506976910e-01   6.2646473590512199e+00
  -1.6620189584764913e+00  -1.9263669966755466e-05   0.0000000000000000e+00  -2.3183421709311773e-05   1.7257689990507636e+00   4.4280883910022828e-01   6.2646502108355948e+00
  -1.6614177075558096e+00  -1.6817832618508701e-05   0.0000000000000000e+00  -2.1165930676936425e-05   1.7257220952848158e+00   4.4322202389313936e-01   6.2646556314859696e+00
  -1.6608348477143151e+00  -3.4550555414465453e-08   0.0000000000000000e+00  -8.8943336002537679e-07   1.7256962057484875e+00   4.4361926722895384e-01   6.2646623086120314e+00
  -1.6608478805901641e+00   3.8111121965973463e-06   0.0000000000000000e+00   4.8323724362873619e-06   1.7258142656124491e+00   4.4359441525465498e-01   6.2646808370007436e+00
  -1.6602801882209963e+00   3.9119824486973231e-06   0.0000000000000000e+00   4.7506701513237147e-06   1.7257647034829833e+00   4.4398379814401034e-01   6.2646723799704702e+00
  -1.6597196766202604e+00   1.0823066460926655e-05   0.0000000000000000e+00   1.3422039475335337e-05   1.7257582879212521e+00   4.4436178902586099e-01   6.2646783373022616e+00
  -1.6593564090807296e+00  -4.6502434848454367e-05   0.0000000000000000e+00  -6.0398710580462133e-05   1.7252266583630860e+00   4.4467961277876727e-01   6.2646127868321315e+00
  -1.6587233624089019e+00  -2.3152999995165395e-06   0.0000000000000000e+00  -2.6362806698847121e-06   1.7255774481054906e+00   4.4505567534470752e-01   6.2646893053543913e+00
  -1.6581497545279489e+00   1.0027796086009784e-05   0.0000000000000000e+00   1.2586043095944635e-05   1.7255981904967435e+00   4.4543684729135818e-01   6.2646971963712188e+00
  -1.6575647085257934e+00  -5.7287308932161247e-06   0.0000000000000000e+00  -7.0469596102892239e-06   1.7254262971254599e+00   4.4585223492059306e-01   6.2646871332383984e+00
  -1.6570098765040662e+00  -1.3612092431641799e-06   0.0000000000000000e+00  -1.7734780438006013e-06   1.7253980369389623e+00   4.4622667912692354e-01   6.2647342519494407e+00
  -1.6564933392612031e+00  -5.0536750860640569e-05   0.0000000000000000e+00  -6.3529330872645872e-05   1.7249839471111958e+00   4.4663025439233223e-01   6.2646439670907297e+00
  -1.6558763723652650e+00  -4.6718190069208171e-05   0.0000000000000000e+00  -5.8533940800628201e-05   1.7249497778283220e+00   4.4704575821513443e-01   6.2646914743240858e+00
  -1.6552717346986094e+00  -4.4465372990371413e-05   0.0000000000000000e+00  -5.5850309601954394e-05   1.7249013034462823e+00   4.4745457508507730e-01   6.2646970436253806e+00
  -1.6546776079068330e+00  -3.0810941330421907e-05   0.0000000000000000e+00  -3.7820766420620742e-05   1.7249277336231390e+00   4.4784475459270146e-01   6.2647057495588756e+00
  -1.6540935529850225e+00  -2.8886298346581284e-05   0.0000000000000000e+00  -3.5646381207927201e-05   1.7248882685621467e+00   4.4823715919495566e-01   6.2647114672742585e+00
  -1.6534970463429459e+00  -2.6395861974894498e-05   0.0000000000000000e+00  -3.2508651188128473e-05   1.7248530048828721e+00   4.4863650020157902e-01   6.2647175366931576e+00
  -1.6529011080634370e+00  -2.5544796553980404e-05   0.0000000000000000e+00  -3.1525707743088989e-05   1.7247912177008802e+00   4.4903873562840924e-01   6.2647224551534562e+00
  -1.6523002033969052e+00  -2.4544442458676137e-05   0.0000000000000000e+00  -3.0254814311603769e-05   1.7247334434922283e+00   4.4944299297234336e-01   6.2647276262367031e+00
  -1.6516992613807659e+00  -2.2878656993880442e-05   0.0000000000000000e+00  -2.8170870280287450e-05   1.7246776270657884e+00   4.4984631677677872e-01   6.2647328976628307e+00
  -1.6510905243144365e+00  -1.2825670983233309e-05   0.0000000000000000e+00  -1.5899521142534903e-05   1.7246731232306605e+00   4.5024622676557907e-01   6.2647405256908160e+00
  -1.6505052778717801e+00  -1.8252034245279444e-05   0.0000000000000000e+00  -2.2546076702436290e-05   1.7245602589555618e+00   4.5064669952765041e-01   6.2647431840304773e+00
  -1.6498950353228470e+00  -1.7920007015706888e-05   0.0000000000000000e+00  -2.2046256288637684e-05   1.7245093229578730e+00   4.5105337682633295e-01   6.2647487748327340e+00
