   9.8706846346738952e-01  -1.0589458254880509e-09   1.7298715141701150e-02  -3.7982294167329595e-09   1.1505147408350123e+00   3.7274188909624461e-08   1.7614771645945082e+00
   9.8706848984926410e-01  -9.6118849660489343e-10   1.7522693892452802e-02  -3.3997393219457322e-09   1.1428294519655808e+00   3.3198688151490425e-08   1.7671772956761513e+00
   9.8706891472689140e-01  -1.1312734492737758e-09   1.7074736390682223e-02  -4.1154329926338473e-09   1.1583502274533539e+00   4.0591372530311786e-08   1.7557566644106966e+00
   9.8706900003368148e-01  -1.6819982016980321e-06   1.7746681432495835e-02  -5.8675493530528294e-06   1.1352892888285986e+00   5.7019238621905469e-05   1.7728577517274622e+00
   9.8706899999973008e-01  -1.8597405532039954e-09   1.7746672681439059e-02  -6.4876201901119355e-09   1.1352895847552544e+00   6.3044705354819489e-08   1.7728575291089688e+00
   9.8706983745242893e-01  -1.0352277094263555e-09   1.6850757639378006e-02  -3.8202733733040179e-09   1.1663409068597526e+00   3.7874369715143751e-08   1.7500153050968579e+00
   9.8706999999923006e-01  -1.6806466601563164e-09   1.7970651406582563e-02  -5.7833286087517712e-09   1.1278905756705506e+00   5.5932022824755214e-08   1.7785183142693088e+00
   9.8707000011675750e-01  -8.5351957755575138e-07   1.7970672306432581e-02  -2.9370403858286043e-06   1.1278898906627097e+00   2.8405127367268659e-05   1.7785188418646285e+00
   9.8707100000167336e-01  -2.2847529083013523e-10   1.8128181312757452e-02  -7.7875662793710046e-10   1.1227686708356681e+00   7.5066965900614397e-09   1.7824882744330959e+00
   9.8707122541840664e-01  -6.3017710732237638e-10   1.6626778887782277e-02  -2.3594795482571549e-09   1.1744920076103216e+00   2.3514255029906622e-08   1.7442525759737635e+00
   9.8707199999864059e-01  -2.2162403970509244e-09   1.8256820065477956e-02  -7.4959429734645040e-09   1.1186351810424300e+00   7.2062736588463484e-08   1.7857232661887101e+00
   9.8707307217225082e-01  -8.9553806453580737e-07   1.6402819123108484e-02  -3.4025344722752016e-06   1.1828082923962744e+00   3.4090132893780873e-05   1.7384684361848735e+00
   9.8707537190430761e-01  -5.4533756897009710e-10   1.6178821501758721e-02  -2.1030036681726628e-09   1.1912976371852968e+00   2.1184060781349029e-08   1.7326608582252083e+00
   9.8707811770395049e-01  -1.1877578057978638e-09   1.5954842752497388e-02  -4.6496442558114254e-09   1.1999639290202446e+00   4.7097196707234326e-08   1.7268307309638864e+00
   9.8708130329685972e-01  -8.8155167710776853e-10   1.5730864003015446e-02  -3.5039035099061266e-09   1.2088141939818471e+00   3.5691665773686752e-08   1.7209769597565110e+00
   9.8708492217379262e-01  -8.1350334283906721e-10   1.5506885253310319e-02  -3.2836944282210732e-09   1.2178550655688636e+00   3.3640512995820194e-08   1.7150989111741910e+00
   9.8708896725722228e-01  -2.3031845427299529e-06   1.5282933424314873e-02  -9.4432547254496270e-06   1.2270923811064194e+00   9.7308532100211220e-05   1.7091966360861068e+00
   9.8709343342129363e-01  -2.1347447941002272e-10   1.5058927753140373e-02  -8.8922660521795952e-10   1.2365368728549273e+00   9.2178355827691040e-09   1.7032673006373737e+00
   9.8709831243142243e-01   5.8807294865949927e-07   1.4834949581012811e-02   2.4893139189056149e-06   1.2461928290796700e+00  -2.5960853692394095e-05   1.6973123343113996e+00
   9.8718655375502529e-01   2.8156710496388408e-08   1.2147204100472308e-02   1.4741422269831938e-07   1.3821186478839693e+00  -1.6703507777941283e-06   1.6234764271120079e+00
   9.8719615876284217e-01  -1.5334023727404666e-06   1.1923230073742760e-02  -8.1874060123342688e-06   1.3954754785257275e+00   9.3508430811184103e-05   1.6170931262356882e+00
   9.8720607452166631e-01  -5.1681104087662764e-07   1.1699247382941874e-02  -2.8151859206822879e-06   1.4092139878454086e+00   3.2413505625959358e-05   1.6106680226424175e+00
   9.8721629036101788e-01   1.6068683905549152e-07   1.1475311080263454e-02   8.9329910250002632e-07   1.4233491553386328e+00  -1.0370761677987113e-05   1.6042011051922860e+00
   9.8722680408363717e-01   4.7434799845531561e-08   1.1251289106210052e-02   2.6922941600500796e-07   1.4379091933127788e+00  -3.1522228478917826e-06   1.5976868418228065e+00
   9.8723759952532220e-01  -1.4281909221520056e-06   1.1027346412958328e-02  -8.2791964374503106e-06   1.4529045413155866e+00   9.7779908763233461e-05   1.5911282143559444e+00
   9.8724867514594628e-01  -7.3713936322737177e-07   1.0803336245857295e-02  -4.3662511294481178e-06   1.4683677007957450e+00   5.2027097151964345e-05   1.5845189916382107e+00
   9.8726001762556215e-01  -8.2388466292417935e-10   1.0579352824232099e-02  -4.9885018713468251e-09   1.4843166229419229e+00   5.9984937068097373e-08   1.5778598821115470e+00
   9.8727161452671908e-01   1.5294028192357003e-06   1.0355461881463836e-02   9.4700671161242791e-06   1.5007723853222876e+00  -1.1494223151630137e-04   1.5711506825922112e+00
   9.8728347079967060e-01  -1.0681274748881922e-09   1.0131395313609858e-02  -6.7669482908498260e-09   1.5177832178823152e+00   8.2923774860023610e-08   1.5643809694601472e+00
   9.8729556289929532e-01  -1.3015515927151638e-06   9.9074258577022192e-03  -8.4407133245959046e-06   1.5353590534109958e+00   1.0445487019486547e-04   1.5575564399602704e+00
   9.8730788694835636e-01  -1.0959275988976721e-06   9.6834477698148798e-03  -7.2789186050451193e-06   1.5535407311035181e+00   9.0990142656775520e-05   1.5506711982328290e+00
   9.8732043344461962e-01   5.9756829180765234e-11   9.4594591658544273e-03   4.0668104539537340e-10   1.5723640175996330e+00  -5.1368051324951789e-09   1.5437222761633895e+00
   9.8733319119251650e-01  -6.1831407664820181e-07   9.2354841070432288e-03  -4.3145131409112463e-06   1.5918653969803773e+00   5.5077767776232214e-05   1.5367072996857942e+00
   9.8733319109056816e-01  -5.4834385296821944e-08   9.2354858786928892e-03  -3.8262704242390822e-07   1.5918652427010302e+00   4.8844993577323715e-06   1.5367073551120931e+00
   9.8734614940892707e-01  -1.4725355404705980e-06   9.0115342751529107e-03  -1.0540953500908161e-05   1.6120855254076938e+00   1.3604251346114197e-04   1.5296232860594920e+00
   9.8734615091997946e-01  -3.5309782416602433e-07   9.0115083362834296e-03  -2.5276123620105400e-06   1.6120879267401991e+00   3.2621638320467296e-05   1.5296224595136341e+00
   9.8735930204671463e-01  -5.9811734659380490e-07   8.7875366877919418e-03  -4.3950159961422366e-06   1.6330767066793015e+00   5.7364518340786310e-05   1.5224642764780993e+00
   9.8737263445935219e-01  -8.5763563730902880e-07   8.5635618240999991e-03  -6.4731460604728194e-06   1.6548821205866662e+00   8.5473211718581753e-05   1.5152285844363678e+00
   9.8738613847418855e-01  -6.3448890494130857e-11   8.3395653944198476e-03  -4.9213410767513107e-10   1.6775604437858909e+00   6.5775886157765236e-09   1.5079105141051856e+00
   9.8739979965267555e-01  -1.8697052891425350e-06   8.1156029095771996e-03  -1.4919785818820605e-05   1.7011654677550674e+00   2.0183877257543464e-04   1.5005072627760385e+00
   9.8741360789738741e-01   2.4422751014562002e-06   7.8916526290417153e-03   2.0061045427959195e-05   1.7257646305720873e+00  -2.7485768243570998e-04   1.4930130959960992e+00
   9.8742755556152784e-01   4.6744422235566085e-07   7.6676496128420422e-03   3.9555567220454800e-06   1.7514374586495347e+00  -5.4910418214203781e-05   1.4854203099053878e+00
   9.8744162695033277e-01  -8.0448312956119372e-07   7.4436535638829505e-03  -7.0190748503192021e-06   1.7782568461033004e+00   9.8766491872219220e-05   1.4777249010537581e+00
   9.8745580920880371e-01   3.5465647208124172e-10   7.2196717244149026e-03   3.1933932310298150e-09   1.8063099687884463e+00  -4.5567747255909866e-08   1.4699205312756729e+00
   9.8747008959301441e-01  -1.8490617423628676e-09   6.9957035259459437e-03  -1.7197822756582490e-08   1.8356945388115036e+00   2.4899168115114399e-07   1.4619999548420393e+00
   9.8748445680377939e-01   1.5804702551962700e-08   6.7717196487008654e-03   1.5199632931911237e-07   1.8665235555571016e+00  -2.2339503926199110e-06   1.4539541390808122e+00
   9.8749889429747573e-01   1.2615463018884277e-06   6.5477657439300726e-03   1.2558649854257575e-05   1.8989126115247033e+00  -1.8747989893261470e-04   1.4457758981809925e+00
   9.8752793325779065e-01  -6.6023001128507166e-07   6.0997932214729694e-03  -7.0674636361206813e-06   1.9689591900487158e+00   1.0905018424677788e-04   1.4289761002520065e+00
   9.8753999996785646e-01  -2.4398631479173834e-09   2.6594704875434878e-02  -5.4111509358907097e-09   9.1803080370032386e-01   4.5718328157221000e-08   1.9849859556588372e+00
   9.8754250105997343e-01  -7.7095079345124274e-08   5.8758350769329898e-03  -8.5743646271420437e-07   2.0069366123124439e+00   1.3464279282095848e-05   1.4203336685088170e+00
   9.8754899996830348e-01  -1.1004675164377911e-09   2.6676449246688043e-02  -2.4319394119985149e-09   9.1653717866090922e-01   2.0528404308854226e-08   1.9868576633341388e+00
   9.8755708360742889e-01   1.5905451280521652e-06   5.6518443314679942e-03   1.8405654737402333e-05   2.0471492996133436e+00  -2.9436015242873632e-04   1.4115097871994571e+00
   9.8755799996873417e-01  -2.6361291034002659e-09   2.6757346086557724e-02  -5.8052074269329822e-09   9.1506559378629215e-01   4.8958042190529819e-08   1.9887086814451291e+00
   9.8756699996915365e-01  -1.4119975574524222e-09   2.6837419006752135e-02  -3.0986713245667377e-09   9.1361536726724857e-01   2.6109342084326215e-08   1.9905395958576075e+00
   9.8757599996956014e-01  -1.5615506417812799e-09   2.6916690551263230e-02  -3.4151236860278169e-09   9.1218584962104010e-01   2.8750616292546599e-08   1.9923509657587841e+00
   9.8758499996995341e-01  -1.8836695302701627e-09   2.6995182262654290e-02  -4.1056751486239308e-09   9.1077642163078854e-01   3.4534161348282569e-08   1.9941433253199463e+00
   9.8758621706979133e-01   1.5885426681686666e-06   5.2039108592095863e-03   1.9995223918648456e-05   2.1351978041763786e+00  -3.3253607773152947e-04   1.3932595106641696e+00
   9.8759399997033637e-01  -1.6115700600831737e-09   2.7072914743048529e-02  -3.5008225502846576e-09   9.0938649245096970e-01   2.9421818583946034e-08   1.9959171852260966e+00
   9.8760073549468452e-01   1.1615785508906466e-06   4.9799285635687513e-03   1.5289380934588996e-05   2.1836040946009478e+00  -2.5966139819541285e-04   1.3837940920093308e+00
   9.8760299997070811e-01  -2.2079188327072736e-09   2.7149907710452597e-02  -4.7804359291665659e-09   9.0801549786070468e-01   4.0142309468967308e-08   1.9976730340883611e+00
   9.8761199997106908e-01  -1.6400994778835698e-09   2.7226180050844168e-02  -3.5394575389107693e-09   9.0666289865108129e-01   2.9696845766159722e-08   1.9994113397496298e+00
   9.8761519867869418e-01   3.6787364285784993e-07   4.7559087253491693e-03   5.0736173630095897e-06   2.2353903145702927e+00  -8.8084821249653330e-05   1.3740711334732063e+00
   9.8762099997142094e-01  -1.5858712365226284e-09   2.7301749866352344e-02  -3.4113230788737860e-09   9.0532817913520347e-01   2.8598943529994982e-08   2.0011325504923758e+00
   9.8762999997176093e-01  -2.3196802178186393e-09   2.7376634519925266e-02  -4.9738933351392374e-09   9.0401084576901147e-01   4.1665162194167482e-08   2.0028370961578497e+00
   9.8763899995569104e-01  -2.6785923344365028e-09   2.7450850542178027e-02  -5.7253712566321654e-09   9.0271042822715752e-01   4.7921980862670132e-08   2.0045253861235670e+00
   9.8764799995620289e-01  -2.7947603572014659e-09   2.7524414211174023e-02  -5.9549781378613113e-09   9.0142646874284049e-01   4.9805297727131179e-08   2.0061978225790775e+00
   9.8765699995670342e-01  -2.6557080571148430e-09   2.7597340772118725e-02  -5.6411799224514687e-09   9.0015853530593259e-01   4.7144749892823501e-08   2.0078547828575695e+00
   9.8766599995718973e-01  -2.5880638529087221e-09   2.7669645017670944e-02  -5.4806984162794879e-09   8.9890621104603086e-01   4.5768722269158578e-08   2.0094966327152539e+00
   9.8767499995766439e-01  -1.6747395059436581e-09   2.7741341181594582e-02  -3.5358074707455756e-09   8.9766909569207221e-01   2.9505299303437005e-08   2.0111237239822648e+00
   9.8768399995812506e-01  -2.6448086028426129e-09   2.7812442967795181e-02  -5.5672054105737460e-09   8.9644680468350058e-01   4.6422017757952424e-08   2.0127363952893806e+00
   9.8769299995857640e-01  -2.1174042270166368e-09   2.7882963577426090e-02  -4.4437859260392283e-09   8.9523896834135663e-01   3.7027779922011772e-08   2.0143349727462367e+00
   9.8769956057654151e-01   6.1132362553342243e-08   3.4120352825202671e-03   1.1781723072320023e-06   2.6461972351350282e+00  -2.4041690012128065e-05   1.3085479489468623e+00
   9.8769956060274977e-01   1.9629877728300338e-07   3.4120348488160617e-03   3.7831643293519521e-06   2.6461974026650794e+00  -7.7198966688711340e-05   1.3085479253392582e+00
   9.8769999995861824e-01  -2.3706930791717592e-09   2.7937419298463152e-02  -4.9639633558318067e-09   8.9430930536463338e-01   4.1339202749574649e-08   2.0155687683744472e+00
   9.8770199995901620e-01  -2.2271197173319459e-09   2.7952915734261074e-02  -4.6603041804901555e-09   8.9404523109379652e-01   3.8804192456387615e-08   2.0159197705762062e+00
   9.8770199995942665e-01  -2.5963046368041044e-09   2.7952915737443698e-02  -5.4328502519624223e-09   8.9404523103958367e-01   4.5236687825170391e-08   2.0159197706482814e+00
   9.8771099995944289e-01  -1.6574108779667009e-09   2.8022311708453120e-02  -3.4580904928616441e-09   8.9286525075192580e-01   2.8773536694145381e-08   2.0174910917106037e+00
   9.8771099995984901e-01  -2.6942457140922374e-09   2.8022311711569978e-02  -5.6213825708076190e-09   8.9286525069902412e-01   4.6773537148564239e-08   2.0174910917811735e+00
   9.8771999995986048e-01  -3.0642870602106644e-09   2.8091163338772405e-02  -6.3750059731433094e-09   8.9169869783262179e-01   5.3007386556601936e-08   2.0190492283448318e+00
   9.8772899996026864e-01  -2.4942952671058913e-09   2.8159482053506896e-02  -5.1743811966771291e-09   8.9054525492350312e-01   4.2994680307059634e-08   2.0205944624608740e+00
   9.8773799996066725e-01  -2.1747405898467067e-09   2.8227278889997744e-02  -4.4987119374548294e-09   8.8940461608910437e-01   3.7355077127823883e-08   2.0221270663157824e+00
   9.8773905855502042e-01   4.5212595153360241e-08   2.7400986781246982e-03   1.0845655656290963e-06   2.9570799061048660e+00  -2.4683450675951606e-05   1.2687684349255832e+00
   9.8774699996105619e-01  -1.8994770229528914e-09   2.8294564513092611e-02  -3.9183127651745344e-09   8.8827648631197809e-01   3.2513725953528948e-08   2.0236473029028397e+00
   9.8775599996143570e-01  -2.4887446962052457e-09   2.8361349232427731e-02  -5.1196274561192010e-09   8.8716058096907158e-01   4.2453969911835425e-08   2.0251554263833196e+00
   9.8776499996180678e-01  -2.0678626190460271e-09   2.8427643018762858e-02  -4.2421323810314135e-09   8.8605662533838481e-01   3.5154384836634150e-08   2.0266516824945957e+00
   9.8777399996254756e-01  -3.0377377006300283e-09   2.8493455522014960e-02  -6.2148050481430371e-09   8.8496435409109842e-01   5.1468552719252639e-08   2.0281363089940920e+00
   9.8777399996216864e-01  -2.4847183491128827e-09   2.8493455519255986e-02  -5.0833793357271384e-09   8.8496435413681196e-01   4.2098714080785112e-08   2.0281363089318507e+00
   9.8778299996290209e-01  -2.0405057820651919e-09   2.8558796074727763e-02  -4.1632980711852888e-09   8.8388351103768192e-01   3.4456986865592582e-08   2.0296095357723627e+00
   9.8778299996252594e-01  -3.0470908007407137e-09   2.8558796072002429e-02  -6.2170848589499818e-09   8.8388351108269236e-01   5.1454675245519136e-08   2.0296095357109487e+00
   9.8779199996286993e-01  -2.9646219458791796e-09   2.8623673719574087e-02  -6.0326368933681789e-09   8.8281384848663957e-01   4.9896517368962160e-08   2.0310715855066674e+00
   9.8779999996167200e-01  -2.5875286473473170e-09   2.8680961205072724e-02  -5.2528660364320429e-09   8.8187222974722457e-01   4.3422868930402405e-08   2.0323619764310985e+00
   9.8780099993120618e-01  -9.3995080011559156e-10   2.8688096993769421e-02  -1.9076365704168114e-09   8.8175513060709942e-01   1.5768166177612068e-08   2.0325226688372808e+00
   9.8780999992443230e-01  -1.4592460465052114e-09   2.8752074791970828e-02  -2.9536915860120736e-09   8.8070711909139054e-01   2.4400113781332856e-08   2.0339630038314280e+00
   9.8789999996423095e-01  -2.0546744764639700e-09   2.9369038142323538e-02  -4.0554678155112701e-09   8.7077000866074938e-01   3.3307915972954538e-08   2.0478166877959096e+00
   9.8799999995173460e-01  -2.2203763021315603e-09   3.0011568375697125e-02  -4.2707518066046427e-09   8.6073451885042018e-01   3.4874843771316870e-08   2.0621766831699624e+00
   9.8799999995124643e-01  -1.0524035982313999e-09   3.0011568372661605e-02  -2.0242320810473549e-09   8.6073451889710406e-01   1.6529821634128082e-08   2.0621766831022645e+00
   9.8809999989527419e-01  -1.4974812065917341e-09   3.0615843673683748e-02  -2.8121657952330464e-09   8.5157259004595021e-01   2.2846023334895435e-08   2.0756206735130838e+00
   9.8899999990019394e-01  -3.2466043904107157e-09   3.4963900953409517e-02  -5.1766625877077873e-09   7.9239702764689057e-01   4.0798091176783034e-08   2.1707709130481936e+00
   9.8999999979471109e-01  -6.9633540379254713e-09   3.8540931378044367e-02  -9.7923964331836538e-09   7.5077913203653812e-01   7.5865156408427649e-08   2.2472402852592115e+00
   9.9100000896838958e-01  -3.2517292719410186e-06   4.1432161763210601e-02  -4.1491417835173799e-06   7.2063340141050070e-01   3.1846484386750667e-05   2.3080651856620564e+00
   9.9199999886221213e-01   1.7812951262743965e-07   4.3892837126510306e-02   2.0970952643222145e-07   6.9692645971211153e-01  -1.6015085883994955e-06   2.3592546760168549e+00
   9.9299998071687434e-01   3.4044230001299327e-06   4.6050741532279726e-02   3.7395473350732381e-06   6.7734706545655721e-01  -2.8489992550389254e-05   2.4037834875742119e+00
   9.9399999737491862e-01  -1.9081653652301289e-06   4.7980559046578913e-02  -1.9714539249533981e-06   6.6063756281378494e-01   1.5010472244868070e-05   2.4433743591656967e+00
   9.9500000026865709e-01   8.1270808327369663e-09   4.9730169481475364e-02   7.9462838567764513e-09   6.4603837410329756e-01  -6.0540733374315450e-08   2.4791236576089957e+00
   9.9600000028836422e-01   1.0954477911268845e-08   5.1332576304980421e-02   1.0185494839139818e-08   6.3305404796925202e-01  -7.7720397877358310e-08   2.5117818659452600e+00
   9.9700000019496460e-01   5.9298573382506546e-09   5.2811586697879873e-02   5.2638534973865837e-09   6.2134404946157240e-01  -4.0254810944738129e-08   2.5418871927526761e+00
   9.9800000013923507e-01   4.0918145481306454e-09   5.4185033765358645e-02   3.4790833698890485e-09   6.1066429283563217e-01  -2.6678382718855983e-08   2.5698406890623300e+00
   9.9900000017747503e-01   6.7337493894422460e-09   5.5466679564329990e-02   5.4992111932447828e-09   6.0083389872426196e-01  -4.2299956240486207e-08   2.5959504018825301e+00
   1.0000000001695195e+00   5.6485930169778547e-09   5.6667402505144022e-02   4.4413285619061180e-09   5.9171515219632220e-01  -3.4278649130689808e-08   2.6204588087880634e+00
   1.0000000001678326e+00   1.4567901772033858e-09   5.6667402503180989e-02   1.1454322578173408e-09   5.9171515221117421e-01  -8.8405736137313596e-09   2.6204588087479253e+00
   1.0010000001406274e+00   2.9403273982575477e-09   5.7795974633031037e-02   2.2304879593556443e-09   5.8320081464276430e-01  -1.7277325688982255e-08   2.6435607009287625e+00
   1.0010000001392243e+00   3.1021935776258422e-09   5.7795974631495099e-02   2.3532691041688044e-09   5.8320081465432549e-01  -1.8228447992335470e-08   2.6435607008972903e+00
   1.0020000001405565e+00   5.6550079968847676e-09   5.8859588660754060e-02   4.1462869271681020e-09   5.7520577821502505e-01  -3.2238646867756020e-08   2.6654152630504875e+00
   1.0030000001107291e+00   3.8268260129266055e-09   5.9864226898745210e-02   2.7164033825861595e-09   5.6766139114868652e-01  -2.1203292805045109e-08   2.6861544989608608e+00
   1.0040000000882352e+00  -1.1357041124490130e-09   6.0814926689819193e-02  -7.8159957838712525e-10   5.6051148783222349e-01   6.1252042076776382e-09   2.7058892720133483e+00
   1.0050000001208279e+00  -1.4850015346441325e-10   6.1715975256282952e-02  -9.9215725404130128e-11   5.5370954752118628e-01   7.8067221721277183e-10   2.7247137255012146e+00
   1.0060000000977618e+00   8.9757925475332875e-10   6.2571055703701500e-02   5.8287689852634941e-10   5.4721661686757495e-01  -4.6050555546819027e-09   2.7427085848609436e+00
   1.0070000000794566e+00  -1.8830590955741553e-09   6.3383358788905317e-02  -1.1898520056767323e-09   5.4099975923682286e-01   9.4390023599776239e-09   2.7599436775307464e+00
   1.0080000001091682e+00   1.6532025438712658e-09   6.4155669081075811e-02   1.0174598636612934e-09   5.3503088346765804e-01  -8.1044374170418080e-09   2.7764798707714662e+00
   1.0090000000889874e+00   8.6761631254854166e-10   6.4890432670274056e-02   5.2057172061501272e-10   5.2928584353368202e-01  -4.1634568224720445e-09   2.7923705902349147e+00
   1.0090000000881012e+00   3.4466912081682847e-09   6.4890432669637552e-02   2.0680051789425995e-09   5.2928584353869013e-01  -1.6539733337892559e-08   2.7923705902210707e+00
   1.0100000000510516e+00   8.8293316292835757e-09   6.5589811264940151e-02   5.1690514377943567e-09   5.2374373544306196e-01  -4.1509139330790036e-08   2.8076630299476730e+00
   1.0110000000980355e+00   5.1215174546403711e-09   6.6255725441133548e-02   2.9279312090631212e-09   5.1838634502940217e-01  -2.3606647712787315e-08   2.8223991176044168e+00
   1.0120000000789342e+00   7.7971842444287354e-09   6.6889889593312740e-02   4.3561133287721864e-09   5.1319770953549226e-01  -3.5261151731436097e-08   2.8366162927454290e+00
   1.0130000001039574e+00   6.7482318407119799e-09   6.7493841084725739e-02   3.6868253228231422e-09   5.0816376088799442e-01  -2.9960650556030385e-08   2.8503481543335174e+00
   1.0140000000815510e+00   7.7970896381383854e-10   6.8068963749325154e-02   4.1685214754056180e-10   5.0327204087266930e-01  -3.4005943480809847e-09   2.8636249817347723e+00
   1.0150000001022728e+00   1.8783751049407572e-09   6.8616507940500240e-02   9.8328290617779017e-10   4.9851146413613456e-01  -8.0520229001257717e-09   2.8764741784460734e+00
   1.0159999808859519e+00  -2.2872064732839359e-05   6.9137594812286957e-02  -1.1729980466163947e-05   4.9387219935367044e-01   9.6416405280376770e-05   2.8889203957230811e+00
   1.0170000001371602e+00   1.2620636167342598e-08   6.9633291177338685e-02   6.3446341010939438e-09   4.8934514032797827e-01  -5.2342749105847868e-08   2.9009870391639270e+00
   1.0180000002146197e+00   5.8389085113261565e-09   7.0104499949939503e-02   2.8788184991647715e-09   4.8492250552363819e-01  -2.3835811249796215e-08   2.9126941407609483e+00
   1.0190000002497173e+00   1.3876218739339201e-09   7.0552091665309596e-02   6.7130871434154892e-10   4.8059699181297449e-01  -5.5779181157715557e-09   2.9240609697041364e+00
   1.0200000000052560e+00  -2.8504316718895599e-09   7.0976852503416926e-02  -1.3537242989152981e-09   4.7636204561773970e-01   1.1287156752434478e-08   2.9351050294419005e+00
   1.0209999999698245e+00  -1.9395594652137628e-09   7.1379504308115460e-02  -9.0464534951006169e-10   4.7221170453280958e-01   7.5684578044214151e-09   2.9458424709161033e+00
   1.0219999999629574e+00  -7.5200748272940233e-09   7.1760710508149347e-02  -3.4461825715681746e-09   4.6814053368871927e-01   2.8927133260649982e-08   2.9562882198744735e+00
   1.0229999999672863e+00   3.1343051074160561e-09   7.2121082148641810e-02   1.4117884069622916e-09   4.6414356246704364e-01  -1.1888936592532794e-08   2.9664561102881919e+00
   1.0239999999586293e+00  -3.8060084501273144e-09   7.2461182767717777e-02  -1.6856756060375584e-09   4.6021623371528347e-01   1.4240376271252443e-08   2.9763589907766876e+00
   1.0249999999510164e+00  -5.0340960715898249e-09   7.2781532749578631e-02  -2.1930925517691465e-09   4.5635435896017457e-01   1.8584320531942090e-08   2.9860088199652308e+00
   1.0259999999659621e+00   3.2434675879773068e-10   7.3082613127135626e-02   1.3903473166552968e-10   4.5255407974377138e-01  -1.1817471518416795e-09   2.9954167496419410e+00
   1.0269999999623369e+00  -6.0598918853825510e-09   7.3364868927974475e-02  -2.5568416429490191e-09   4.4881183402872937e-01   2.1796157336445906e-08   3.0045931978051859e+00
   1.0279999999591281e+00  -4.4570781993056976e-09   7.3628712189149223e-02  -1.8516047402074616e-09   4.4512432607713392e-01   1.5829564898241684e-08   3.0135479150763889e+00
   1.0289999999562824e+00  -5.2046371963982268e-09   7.3874524574367662e-02  -2.1294982396771222e-09   4.4148850069166545e-01   1.8256216013739997e-08   3.0222900419188075e+00
   1.0299999999537537e+00  -8.7819143467413125e-09   7.4102659728799092e-02  -3.5398786037991503e-09   4.3790152016625378e-01   3.0430116399282668e-08   3.0308281604689005e+00
   1.0309999999515118e+00  -7.8386135422076906e-09   7.4313445372439377e-02  -3.1136439873676005e-09   4.3436074396742425e-01   2.6837077806609020e-08   3.0391703406856623e+00
   1.0319999999495106e+00  -3.4405105306122880e-09   7.4507185169458048e-02  -1.3470962462606888e-09   4.3086371071391172e-01   1.1640811826426436e-08   3.0473241816973062e+00
   1.0329999999683745e+00  -1.5080541196427495e-09   7.4684160403934843e-02  -5.8216172893959709e-10   4.2740812207907192e-01   5.0433565936049529e-09   3.0552968491035659e+00
   1.0339999999674092e+00  -2.6955727173567830e-09   7.4844631463894626e-02  -1.0262025529507601e-09   4.2399182878235891e-01   8.9118937200158036e-09   3.0630951077679791e+00
   1.0349999999665442e+00  -5.1502972268793302e-09   7.4988839206898847e-02  -1.9340485539840119e-09   4.2061281739225659e-01   1.6835932906633376e-08   3.0707253529744576e+00
   1.0359999999657750e+00  -2.9231255179664020e-10   7.5117006152293941e-02  -1.0829652345654369e-10   4.1726919915670291e-01   9.4493874201074126e-10   3.0781936370865730e+00
   1.0369999999650801e+00   1.5825405736701206e-09   7.5229337569384352e-02   5.7859694116007538e-10   4.1395919965028094e-01  -5.0597155002782079e-09   3.0855056944619577e+00
   1.0379999999644627e+00   6.3919901071521150e-09   7.5326022452325225e-02   2.3066418946292321e-09   4.1068114951656426e-01  -2.0215303971253800e-08   3.0926669639404243e+00
   1.0389999999638981e+00  -5.5522148528312884e-09   7.5407234396512812e-02  -1.9779433112104125e-09   4.0743347611642183e-01   1.7371564340515902e-08   3.0996826093129215e+00
   1.0399999999633971e+00  -2.6837157399648258e-09   7.5473132386137023e-02  -9.4397819517101980e-10   4.0421469597763537e-01   8.3078722928003205e-09   3.1065575379900947e+00
   1.0409999999629385e+00  -6.2856247677347361e-09   7.5523861501279529e-02  -2.1833899375942825e-09   4.0102340795578478e-01   1.9254466017296351e-08   3.1132964180586087e+00
   1.0419999999625338e+00   1.2810532441145661e-09   7.5559553551873743e-02   4.3951680081156573e-10   3.9785828702715120e-01  -3.8835227126291308e-09   3.1199036938929843e+00
   1.0429999999621582e+00  -8.9266093169095824e-09   7.5580327644911488e-02  -3.0253854429059963e-09   3.9471807864511915e-01   2.6783316563366388e-08   3.1263836004690115e+00
   1.0439999999618215e+00  -4.3843565754406065e-09   7.5586290690436611e-02  -1.4680844247064437e-09   3.9160159359937924e-01   1.3020965114969944e-08   3.1327401765090079e+00
   1.0449999999615120e+00  -1.0490761291168030e-08   7.5577537851171619e-02  -3.4710475794852710e-09   3.8850770332541262e-01   3.0841924455458094e-08   3.1389772765726929e+00
   1.0459999999612328e+00  -5.2063938743070301e-09   7.5554152939965785e-02  -1.7023724462465684e-09   3.8543533561730836e-01   1.5153180761648504e-08   3.1450985821957027e+00
   1.0469999999609720e+00  -8.2601934129278152e-09   7.5516208768712317e-02  -2.6694539602870126e-09   3.8238347070308104e-01   2.3802455238714709e-08   3.1511076121659234e+00
   1.0479999999607332e+00  -9.4112092715114956e-09   7.5463767451854138e-02  -3.0063515183318023e-09   3.7935113764598466e-01   2.6851692815553288e-08   3.1570077320175773e+00
   1.0479999999611267e+00  -1.9903169643101891e-09   7.5463767451831060e-02  -6.3579506296831150e-10   3.7935113764479556e-01   5.6786960621554793e-09   3.1570077320198795e+00
   1.0490000000329256e+00   1.4370029899581455e-08   7.5396880661808663e-02   4.5379370847418682e-09   3.7633741082224842e-01  -4.0598148100781547e-08   3.1628021632310932e+00
   1.0499999999762226e+00   1.9461155443043943e-09   7.5315589874720160e-02   6.0760164290458839e-10   3.7334140792211623e-01  -5.4445800846625340e-09   3.1684939893812203e+00
   1.0509999999761037e+00  -1.2149875638869787e-08   7.5219926503987539e-02  -3.7506337295610121e-09   3.7036228516487152e-01   3.3661814897818555e-08   3.1740861674837193e+00
   1.0519999999759964e+00  -4.5525572734118614e-09   7.5109912090969247e-02  -1.3896515000433649e-09   3.6739923660729856e-01   1.2491406975541735e-08   3.1795815313899265e+00
   1.0529999999758926e+00  -7.9574813551277887e-09   7.4985558392110047e-02  -2.4020127579493510e-09   3.6445149086127115e-01   2.1624181179582159e-08   3.1849828000229241e+00
   1.0539999999757925e+00  -4.6142153066103460e-09   7.4846867457328714e-02  -1.3774383411353230e-09   3.6151830905803972e-01   1.2418971584414565e-08   3.1902925831223667e+00
   1.0549999999756985e+00  -2.3362699816563685e-10   7.4693831670033059e-02  -6.8976737582573768e-11   3.5859898280543373e-01   6.2280109753053200e-10   3.1955133869015664e+00
   1.0559999999756036e+00   5.1073511110280580e-09   7.4526433753311166e-02   1.4913789349365695e-09   3.5569283229352539e-01  -1.3485529941728762e-08   3.2006476193264168e+00
   1.0569999999755095e+00  -1.0034077403234902e-08   7.4344646742384543e-02  -2.8980467063309671e-09   3.5279920453556046e-01   2.6242548991056034e-08   3.2056975950459705e+00
   1.0579999999754195e+00   3.9153384060262334e-10   7.4148433923161783e-02   1.1185553205225930e-10   3.4991747173251342e-01  -1.0142865605009209e-09   3.2106655400032489e+00
   1.0589999999753279e+00  -4.2179857709277106e-09   7.3937748736417702e-02  -1.1919005803980014e-09   3.4704702975062723e-01   1.0823360805329428e-08   3.2155535957503383e+00
   1.0599999999752361e+00  -1.7192262787247274e-09   7.3712534646866154e-02  -4.8054023054874838e-10   3.4418729670232495e-01   4.3697582407168137e-09   3.2203638234919842e+00
   1.0609999999751409e+00  -1.5125705708136466e-08   7.3472724976107642e-02  -4.1819513929859419e-09   3.4133771162185966e-01   3.8080811033685545e-08   3.2250982078768931e+00
   1.0619999999750511e+00   5.5055111694967913e-09   7.3218242698098110e-02   1.5056550961846572e-09   3.3849773322785598e-01  -1.3729369495010650e-08   3.2297586605570268e+00
   1.0629999999749498e+00  -1.4845149699614781e-09   7.2949000195511829e-02  -4.0157598095951736e-10   3.3566683876558978e-01   3.6668550293495137e-09   3.2343470235308844e+00
   1.0639999641664672e+00  -5.9644575709851353e-05   7.2664896757781164e-02  -1.5959075689103372e-05   3.3284457046276433e-01   1.4592432682892793e-04   3.2388649053311194e+00
   1.0649999999747470e+00   1.2029348201161060e-09   7.2365829338522342e-02   3.1836128742041842e-10   3.3003029681110735e-01  -2.9149717516094747e-09   3.2433145187662986e+00
   1.0659999999746379e+00  -1.7851100045141784e-09   7.2051670009379232e-02  -4.6725872048568942e-10   3.2722368701400328e-01   4.2842872770584198e-09   3.2476970141407810e+00
   1.0669999999745254e+00  -2.6622002896580196e-09   7.1722287707198198e-02  -6.8917939032655918e-10   3.2442423468574272e-01   6.3278810182266442e-09   3.2520141514475980e+00
   1.0679999999744043e+00  -4.3882654239808812e-09   7.1377536670569966e-02  -1.1234578394179964e-09   3.2163149470753266e-01   1.0329854211210983e-08   3.2562674680626702e+00
   1.0689999731354787e+00  -6.4756228305184817e-05   7.1017253284547402e-02  -1.6394106814139255e-05   3.1884504865263474e-01   1.5095353820319995e-04   3.2604583294561982e+00
   1.0699999587312561e+00  -6.6689942802529038e-05   7.0641279934838541e-02  -1.6694546749559198e-05   3.1606448552768907e-01   1.5394155232722985e-04   3.2645883479972211e+00
   1.0709999999740136e+00  -4.1585300167989647e-09   7.0249414632077303e-02  -1.0292518158723646e-09   3.1328928715944632e-01   9.5047097262139689e-09   3.2686590808129341e+00
   1.0719998862252269e+00   4.5182317066341656e-05   6.9841501541328330e-02   1.1055447953061504e-05   3.1051947860444645e-01  -1.0224408655234453e-04   3.2726709980393789e+00
   1.0729999999844091e+00  -7.9374674585012291e-09   6.9417202172529571e-02  -1.9198353558294441e-09   3.0775376497067974e-01   1.7782139401261683e-08   3.2766269367598633e+00
   1.0739999999843128e+00  -9.1168205181781068e-09   6.8976402891242294e-02  -2.1794494932108442e-09   3.0499262523647963e-01   2.0217953072068578e-08   3.2805267761156496e+00
   1.0749999999842135e+00   1.1160789176378927e-08   6.8518811373226005e-02   2.6366921705312355e-09   3.0223540465081139e-01  -2.4498246847357825e-08   3.2843721790248401e+00
   1.0759999891847896e+00  -3.3858062287753955e-05   6.8044157884778078e-02  -7.9035432532042170e-06   2.9948175624489864e-01   7.3552767177190187e-05   3.2881642695164826e+00
   1.0769999372225603e+00  -1.3092282365350771e-04   6.7552120087990983e-02  -3.0192548534194505e-05   2.9673121994177232e-01   2.8144579267124192e-04   3.2919040445298449e+00
   1.0779999999838616e+00  -1.3766829544364071e-08   6.7042471031928189e-02  -3.1359019981988809e-09   2.9398369043066286e-01   2.9281695552371773e-08   3.2955932410993878e+00
   1.0789999693680434e+00  -5.3245571508278388e-05   6.6514798367341837e-02  -1.1977695300610201e-05   2.9123866149065908e-01   1.1203779888430132e-04   3.2992320680762757e+00
   1.0799999999835905e+00  -9.4197818306593312e-09   6.5968748326996729e-02  -2.0921787648475828e-09   2.8849573300139769e-01   1.9605150061272561e-08   3.3028221472539303e+00
   1.0809998507035476e+00  -2.9119029419744211e-04   6.5403752733583176e-02  -6.3842780035664874e-05   2.8575396091289113e-01   5.9934747084120833e-04   3.3063634819056720e+00
   1.0819999906538003e+00  -3.3161458678625229e-05   6.4819992983720612e-02  -7.1750692618189787e-06   2.8301524876419676e-01   6.7487769076732176e-05   3.3098590263492089e+00
   1.0829999240468999e+00  -1.3486097724226730e-04   6.4216398293303806e-02  -2.8789142398566779e-05   2.8027695230966027e-01   2.7131765333032515e-04   3.3133076027774351e+00
   1.0839998764665482e+00  -1.7532662216852293e-04   6.3592711884227618e-02  -3.6916128493104425e-05   2.7753958544625401e-01   3.4861234728551912e-04   3.3167110373939357e+00
   1.0849999999827400e+00  -9.2848218124331164e-09   6.2948442512898342e-02  -1.9276613865775457e-09   2.7480294907762048e-01   1.8241721263031986e-08   3.3200707480460405e+00
   1.0859999999825327e+00  -9.1863760700456785e-09   6.2282971219097254e-02  -1.8799656291929756e-09   2.7206654531209706e-01   1.7828717549004758e-08   3.3233864837981448e+00
   1.0869999999824882e+00  -3.5849560991675531e-09   6.1595717601323555e-02  -7.2291093488818324e-10   2.6933015465289029e-01   6.8709985585096349e-09   3.3266595109372439e+00
   1.0869999759527398e+00  -7.7561171991900538e-05   6.1595714550693965e-02  -1.5640326749473255e-05   2.6933013964326280e-01   1.4865527365818886e-04   3.3266594254705630e+00
   1.0879999645845619e+00  -1.0218392238371332e-04   6.0886018903731708e-02  -2.0296191488611511e-05   2.6659343951605857e-01   1.9335005702879186e-04   3.3298904862356009e+00
   1.0889999800433581e+00  -4.7593247970506450e-05   6.0153200375327065e-02  -9.3074264290168510e-06   2.6385626134733675e-01   8.8876529039817902e-05   3.3330804796247850e+00
   1.0899999999815391e+00  -7.5388696579743035e-09   5.9396444866207126e-02  -1.4509518747463587e-09   2.6111812942986051e-01   1.3888950767228526e-08   3.3362300429786975e+00
   1.0909999999812454e+00  -3.9861950134844529e-10   5.8614947861068793e-02  -7.5467761188577578e-11   2.5837887310023172e-01   7.2422297769089704e-10   3.3393398135543468e+00
   1.0919999999809249e+00  -8.0945865365691151e-10   5.7807791475439220e-02  -1.5067275380698473e-10   2.5563818347563477e-01   1.4496691703681970e-09   3.3424105426296671e+00
   1.0929999999886011e+00  -2.4356150475715251e-09   5.6973981384824457e-02  -4.4550816743957146e-10   2.5289577771401711e-01   4.2977388335000978e-09   3.3454428930335083e+00
   1.0939999557263633e+00  -7.6275655646823912e-05   5.6112449204160614e-02  -1.3701922415909693e-05   2.5015141907628236e-01   1.3254109407465612e-04   3.3484373676004919e+00
   1.0949999999881443e+00  -1.0305901552545470e-08   5.5221938108550778e-02  -1.8170022915374449e-09   2.4740469336785231e-01   1.7625366098677047e-08   3.3513949996068053e+00
   1.0959999999878856e+00   2.0939674404429860e-09   5.4301192114608723e-02   3.6209306675820645e-10   2.4465545495207683e-01  -3.5224193692435469e-09   3.3543159738587396e+00
   1.0969999441869731e+00  -3.8200879347615780e-05   5.3348784419329054e-02  -6.4741645726261043e-06   2.4190351462501714e-01   6.3163688389110693e-05   3.3572008451783870e+00
   1.0979999995262841e+00   8.4200791749728310e-06   5.2362951017200537e-02   1.3974701669421574e-06   2.3914819056940254e-01  -1.3674320726537999e-05   3.3600506551461056e+00
   1.0989999449562913e+00  -5.8908514760970217e-05   5.1342086571849951e-02  -9.5664160512280046e-06   2.3638971241028406e-01   9.3886297915094126e-05   3.3628653055088424e+00
   1.0999997808464825e+00  -1.4608444796396474e-04   5.0284159864269283e-02  -2.3190957689138699e-05   2.3362767381346303e-01   2.2827677247755205e-04   3.3656453202837295e+00
   1.1009999999861906e+00  -1.2031373029175117e-08   4.9186526771546710e-02  -1.8652041379451340e-09   2.3086113706009503e-01   1.8414298991953681e-08   3.3683926079201649e+00
   1.1019999999857431e+00   9.9821056117031914e-10   4.8047094346119021e-02   1.5095674753438187e-10   2.2809069073376301e-01  -1.4946647240523518e-09   3.3711059328557531e+00
   1.1029999999852416e+00  -3.4386514021320563e-09   4.6862771866424908e-02  -5.0666522400546255e-10   2.2531572685931930e-01   5.0306904987065975e-09   3.3737863871263829e+00
   1.1039999884773963e+00  -6.5556239444430667e-05   4.5630217260095515e-02  -9.3990259321031641e-06   2.2253593665393270e-01   9.3568872649617399e-05   3.3764343859267414e+00
   1.1049999643488668e+00  -3.8757405037808459e-06   4.4345607106022492e-02  -5.3992076856561669e-07   2.1975120626029301e-01   5.3879312349133397e-06   3.3790503705468065e+00
   1.1059999658619797e+00  -7.2780939409275430e-05   4.3004340586519217e-02  -9.8358719245762021e-06   2.1696090172555862e-01   9.8355711099496957e-05   3.3816348408315631e+00
   1.1059999683500106e+00  -1.1151562302743226e-04   4.3004317991061643e-02  -1.5070648034661453e-05   2.1696080082624628e-01   1.5070149423121281e-04   3.3816348415115507e+00
   1.1070000000079436e+00   7.2891972295872305e-09   4.1601162139928316e-02   9.5396926421407533e-10   2.1416497658573957e-01  -9.5545546012989536e-09   3.3841882275690307e+00
   1.1079999999893004e+00   2.5776983817156314e-09   4.0129820851595062e-02   3.2606763313053356e-10   2.1136311407300945e-01  -3.2687747260558128e-09   3.3867107305992832e+00
   1.1089999569428746e+00   6.2445828545648990e-05   3.8582744699249619e-02   7.6183688191637987e-06   2.0855505985854914e-01  -7.6374929224879698e-05   3.3892026996353093e+00
   1.1099999969113141e+00   2.2591615988335827e-05   3.6950460066065526e-02   2.6518153024782462e-06   2.0574030554764058e-01  -2.6552152693317187e-05   3.3916648065198753e+00
   1.1109999999870388e+00  -8.8544645834776333e-09   3.5221538181086171e-02  -9.9729565316357512e-10   2.0291874771088553e-01   9.9562139304854241e-09   3.3940970824795311e+00
   1.1119998771766404e+00   5.8591919553854552e-05   3.3381393958857232e-02   6.3130566162398864e-06   2.0009031397941915e-01  -6.2686282508858676e-05   3.3964996383682418e+00
   1.1129999127143346e+00  -1.5594682821356084e-04   3.1410169386707210e-02  -1.6018180113760378e-05   1.9725370346038779e-01   1.5765334116142138e-04   3.3988734531040397e+00
   1.1139998028873890e+00  -1.6430330674916521e-04   2.9282457787334588e-02  -1.6024712654838565e-05   1.9440993103916965e-01   1.5554552843273373e-04   3.4012181177709055e+00
   1.1149999999888927e+00  -4.5699057377085125e-10   2.6960495317443867e-02  -4.2126869959727113e-11   1.9155753705943704e-01   4.0023363015121462e-10   3.4035349659966068e+00
   1.1159999740618423e+00  -8.0300719737385847e-05   2.4390546137685140e-02  -6.9590060033817015e-06   1.8869685196393857e-01   6.3946928545456983e-05   3.4058229910865094e+00
   1.1169999999911202e+00   1.8850622660541577e-08   2.1483530212602662e-02   1.5261317543759326e-09   1.8582737252076878e-01  -1.3293680155518911e-08   3.4080831004526222e+00
   1.1179999780111918e+00  -9.1014201617282067e-05   1.8078456637218934e-02  -6.8319504928466589e-06   1.8294866319375439e-01   5.4319691455313023e-05   3.4103152849103675e+00
   1.1189999985185684e+00   1.8935929870911289e-05   1.3812124046888702e-02   1.3058961279966214e-06   1.8006052700191208e-01  -8.6865686467222929e-06   3.4125199763618035e+00
   1.1199999900117594e+00  -5.2967010744298256e-05   7.3079218551556809e-03  -3.3181997102312043e-06   1.7716244331958506e-01   1.2937838219126706e-05   3.4146972050007967e+00
