  -9.6969755116450496e-01   3.9081743288600004e-03   2.6293631441775600e-01   7.8780315948140008e-03  -3.4831402390318997e-02   2.9440882001834999e-02   6.2499595927556344e+00
  -9.7067237250639338e-01   3.7990281123014345e-03   2.5935255292302689e-01   7.6580431568833004e-03  -3.3871604381696452e-02   2.9028949292120645e-02   6.2499569228995639e+00
  -9.7164925433144989e-01   3.6998850459038892e-03   2.5570686846905027e-01   7.4582175504357123e-03  -3.2907472476369132e-02   2.8689098614341470e-02   6.2499542565386168e+00
  -9.7262600495558171e-01   3.6010900038192309e-03   2.5200512040260620e-01   7.2590920911610622e-03  -3.1943389762628151e-02   2.8347662167878807e-02   6.2499515936974630e+00
  -9.7360076075061130e-01   3.4945055028151942e-03   2.4825219330500539e-01   7.0442631186909254e-03  -3.0983080922949328e-02   2.7938731021161491e-02   6.2499489344025125e+00
  -9.7457586584630096e-01   3.3905160857891350e-03   2.4443629540625508e-01   6.8346638714387540e-03  -3.0021831769301364e-02   2.7544532215404059e-02   6.2499462786838498e+00
  -9.7555092606747840e-01   3.2874503333874959e-03   2.4055604304691711e-01   6.6269251066916335e-03  -2.9060417406120025e-02   2.7151841589060401e-02   6.2499436265758437e+00
  -9.7652542561953093e-01   3.1831164485826430e-03   2.3661042026331716e-01   6.4166285393373419e-03  -2.8099855840775075e-02   2.6742125841660296e-02   6.2499409781148225e+00
  -9.7750005361346215e-01   3.0806128112046351e-03   2.3259318113937352e-01   6.2100199924093446e-03  -2.7138746923941956e-02   2.6341356766723053e-02   6.2499383333428886e+00
  -9.7847385820729982e-01   2.9758620030404834e-03   2.2850465970672312e-01   5.9988800394349647e-03  -2.6178979686960223e-02   2.5914109094258141e-02   6.2499356923049563e+00
  -9.7944334444794234e-01   2.8537436838456023e-03   2.2435634840439067e-01   5.7527282000888677e-03  -2.5227527129674195e-02   2.5323020705783628e-02   6.2499330550875190e+00
  -9.8041653124857620e-01   2.7493326671817974e-03   2.2010890397419014e-01   5.5422701370644719e-03  -2.4268310542020718e-02   2.4879908122606896e-02   6.2499304216802081e+00
  -9.8138816517496563e-01   2.6398147358407437e-03   2.1578051505080403e-01   5.3215157364041145e-03  -2.3311822747154869e-02   2.4380370367620856e-02   6.2499277921855612e+00
  -9.8235849160866973e-01   2.5264036234783037e-03   2.1136507167998597e-01   5.0929116198721140e-03  -2.2357539138098036e-02   2.3832432375560285e-02   6.2499251666820017e+00
  -9.8333082839848551e-01   2.4237753214819482e-03   2.0684113650758157e-01   4.8860428087711474e-03  -2.1398778178776900e-02   2.3376198151538668e-02   6.2499225452368909e+00
  -9.8430251305063199e-01   2.3204333643105780e-03   2.0221444924097620e-01   4.6777339044355879e-03  -2.0440835686835059e-02   2.2903123585835999e-02   6.2499199279555100e+00
  -9.8527331716952449e-01   2.2155822062807791e-03   1.9747893862412746e-01   4.4663811509792553e-03  -1.9484124697338512e-02   2.2403920384016573e-02   6.2499173149479859e+00
  -9.8624003406892025e-01   2.0954924679513114e-03   1.9264308268241387e-01   4.2243074091477080e-03  -1.8535010490908502e-02   2.1732440858429146e-02   6.2499147063764617e+00
  -9.8720969834658612e-01   1.9910843380917601e-03   1.8766199440028281e-01   4.0138447002521062e-03  -1.7579354119414952e-02   2.1208394711443122e-02   6.2499121023177535e+00
  -9.8817860531178880e-01   1.8864977747834414e-03   1.8254389366865448e-01   3.8030208313619067e-03  -1.6624502097776512e-02   2.0668161183400858e-02   6.2499095029785190e+00
  -9.8914667501968701e-01   1.7817383332876433e-03   1.7727736771065705e-01   3.5918469873375959e-03  -1.5670533994205392e-02   2.0110440445942013e-02   6.2499069085602956e+00
  -9.9011381573721302e-01   1.6768239036646969e-03   1.7184930795516604e-01   3.3803592289803762e-03  -1.4717538463663768e-02   1.9533875661181088e-02   6.2499043193020167e+00
  -9.9107990845669758e-01   1.5717334826131151e-03   1.6624461122212078e-01   3.1685152140694247e-03  -1.3765640597749198e-02   1.8936405611358061e-02   6.2499017354893747e+00
  -9.9204481950810230e-01   1.4664838885871270e-03   1.6044560440246000e-01   2.9563488446294559e-03  -1.2814971675668899e-02   1.8316091414481529e-02   6.2498991574676426e+00
  -9.9300838100460620e-01   1.3610741726837892e-03   1.5443149040890619e-01   2.7438582059045799e-03  -1.1865701618868038e-02   1.7670383568958722e-02   6.2498965856588145e+00
  -9.9397038979771069e-01   1.2555220953449520e-03   1.4817745475204733e-01   2.5310791005492194e-03  -1.0918031689542598e-02   1.6996463011429642e-02   6.2498940205859546e+00
  -9.9493058679968971e-01   1.1498328130730697e-03   1.4165355625381520e-01   2.3180219227990325e-03  -9.9722225809706650e-03   1.6290684090500399e-02   6.2498914629075246e+00
  -9.9588864325263315e-01   1.0440245107084553e-03   1.3482306817595746e-01   2.1047233310108773e-03  -9.0286024047069504e-03   1.5548690124737495e-02   6.2498889134676956e+00
  -9.9684412967889391e-01   9.3812223335764788e-04   1.2764014793607051e-01   1.8912338167526755e-03  -8.0875994838728905e-03   1.4765018706424000e-02   6.2498863733715870e+00
  -9.9779647028386453e-01   8.3216108021089499e-04   1.2004634728391009e-01   1.6776241399087787e-03  -7.1497877063101305e-03   1.3932661454610874e-02   6.2498838441046010e+00
  -9.9874486963025788e-01   7.2619635366278745e-04   1.1196519751186892e-01   1.4640057919445657e-03  -6.2159582823214715e-03   1.3042457973114064e-02   6.2498813277253742e+00
  -9.9968818465289688e-01   6.2031405916865225e-04   1.0329343079994223e-01   1.2505521636063351e-03  -5.2872466697290984e-03   1.2082002896706445e-02   6.2498788271993400e+00
  -1.0006246896317790e+00   5.1465328773572013e-04   9.3885869699924990e-02   1.0375436793009887e-03  -4.3653649318187828e-03   1.1033785010220658e-02   6.2498763470144665e+00
  -1.0015516048717545e+00   4.0945285375241120e-04   8.3527413818740709e-02   8.2546184294460831e-04  -3.4530672959944505e-03   9.8717164442715683e-03   6.2498738944149403e+00
  -1.0024629213434235e+00   3.0053228267180366e-04   7.1891229851276287e-02   6.0587858603685567e-04  -2.5574229480873935e-03   8.4224304359479529e-03   6.2498714822058021e+00
  -1.0033513678173922e+00   1.9954274454448548e-04   5.8340534522762603e-02   4.0228309334432855e-04  -1.6830258852885873e-03   6.8942450375963707e-03   6.2498691360822951e+00
  -1.0041914801959924e+00   1.0290080744215867e-04   4.1634439092039698e-02   2.0745118419874945e-04  -8.5646677199622536e-04   4.9839693277092733e-03   6.2498669190474923e+00
  -1.0045564607601163e+00   3.6617377372640973e-02  -2.9606734916805001e-25   1.8500843450488708e-02  -1.7071659797491108e-04  -2.6410235498591186e-28   6.2184028216725658e+00
  -9.7212126724440917e-01   1.2595182405121256e-02  -1.1233017737770026e-43   5.8711490926760803e-03  -6.7033035721098214e-02   2.2822355729295223e-43   6.2184320663832811e+00
  -9.9989190370923331e-01   7.4360985249112034e-04   5.7311639143901046e-89   3.7121081276399247e-04  -1.0464027458452714e-02  -4.5476858498637798e-89   6.2183913517460514e+00
  -1.1840394632713567e+00  -1.4965530404862587e-01 -1.1579240146634306e-117  -1.0171923571135356e-01   3.5800770421929679e-01  7.5951105668349393e-118   6.2198869177891858e+00
  -1.1823363013127006e+00  -1.3765269672666203e-01 -1.0278138863170575e-123  -9.3242105145149190e-02   3.5333701062292672e-01  3.4401333189053819e-124   6.2198176759413606e+00
  -1.1803040960752333e+00  -1.2570681479086424e-01 -8.6820292919948041e-130  -8.4836559268253828e-02   3.4816653174371609e-01  1.2376516645795164e-130   6.2197484966755319e+00
  -1.1779155883717805e+00  -1.1390734159293520e-01 -6.5891599080833245e-136  -7.6566626089053721e-02   3.4245119216679715e-01  1.9716094165768950e-137   6.2196793879639261e+00
  -1.1751459258391033e+00  -1.0235849602814587e-01 -4.1969744360501828e-142  -6.8505829788332612e-02   3.3614801802119515e-01 -1.4262888407651789e-143   6.2196103582236422e+00
  -1.1719743650518972e+00  -9.1175192145957873e-02 -2.0645680552247839e-148  -6.0734263428341533e-02   3.2921844103208142e-01 -1.3931805967321074e-149   6.2195414161657370e+00
  -1.1683857599689706e+00  -8.0476335427882378e-02 -7.0754006163495564e-155  -5.3333705425519976e-02   3.2163035179349153e-01 -5.7522948981672881e-156   6.2194725706771070e+00
  -1.1643713777501767e+00  -7.0375678208729767e-02 -1.4823331027919269e-161  -4.6381137963586075e-02   3.1335924657043951e-01 -1.2070298881250295e-162   6.2194038308215367e+00
  -1.1599285991851347e+00  -6.0971711319319839e-02 -1.5942086630705017e-168  -3.9941748067627750e-02   3.0438780376473712e-01 -1.1290074451710919e-169   6.2193352060542315e+00
  -1.1550592818864147e+00  -5.2338823005830690e-02 -6.7756298813949764e-176  -3.4062977629817678e-02   2.9470350577924581e-01 -3.4393843775998875e-177   6.2192667067312266e+00
  -1.1497668885301993e+00  -4.4522140447938924e-02 -6.9158968087445821e-184  -2.8771248993221345e-02   2.8429435733826908e-01 -1.6539804212553987e-185   6.2191983449612804e+00
