   6.9169026084205909e-01  -1.3125745942493222e-01  -5.0609845134164111e-10   2.6912008290561812e-01   5.6164064321651874e-01   3.3612135649519531e-01   5.4179501949131827e+00
   6.9187985610877212e-01  -1.3111793399367061e-01  -4.3176912428652403e-06   2.6891780708140905e-01   5.6143881332233025e-01   3.3588128354150681e-01   5.4164964838099898e+00
   6.9203347491598810e-01  -1.3099649598073188e-01   3.0735778453611085e-09   2.6876131949538368e-01   5.6127555658340533e-01   3.3569485059922305e-01   5.4153645955040917e+00
   6.9222479969708894e-01  -1.3085087584297866e-01  -1.4821333847725437e-09   2.6856176963649020e-01   5.6107181622430080e-01   3.3545768402306986e-01   5.4139209036540112e+00
   6.9236317267447456e-01  -1.3074550439262445e-01  -1.8428213555826689e-08   2.6841763610349129e-01   5.6092436425579317e-01   3.3528640857429415e-01   5.4128756601374040e+00
   7.0524838700077863e-01  -1.2068199390921393e-01  -7.9992491194749021e-08   2.5576692300821258e-01   5.4684906708217162e-01   3.2029676535040180e-01   5.3117040139516654e+00
   7.1807539909201412e-01  -1.1018732581500369e-01  -8.6050736315700961e-08   2.4481475710675532e-01   5.3222369195370478e-01   3.0720017156700996e-01   5.2032454968366970e+00
   7.2700113878483918e-01  -1.0262655765512836e-01  -1.6359301818846429e-07   2.3827039984729140e-01   5.2172660745241584e-01   2.9913012473946082e-01   5.1231192886607415e+00
   7.3090492628619375e-01  -9.9260044626604163e-02  -1.6330727036699237e-07   2.3570886488909490e-01   5.1705923460548209e-01   2.9586657404625094e-01   5.0868692534576452e+00
   7.3580231418445874e-01  -9.4990612182711417e-02  -1.3964779820799939e-08   2.3276865119242274e-01   5.1114117726086294e-01   2.9200070074838963e-01   5.0403602828150973e+00
   7.4031691909222586e-01  -9.1014567258870305e-02  -8.3936631989529886e-09   2.3033826848841252e-01   5.0562566252597296e-01   2.8866202480191688e-01   4.9964744563710832e+00
   7.4326490261161859e-01  -8.8399877893056200e-02   1.7039038445812449e-08   2.2890164932210047e-01   5.0199377907872245e-01   2.8659874339175545e-01   4.9672999004775749e+00
   7.4665456636968441e-01  -8.5377981971700226e-02   3.6857762016672476e-08   2.2740119739660311e-01   4.9778869065430992e-01   2.8434079199875134e-01   4.9332550487058420e+00
   7.4939789399538226e-01  -8.2921964246757893e-02   9.5065415556955246e-09   2.2630839314243847e-01   4.9436296386529199e-01   2.8260335181559126e-01   4.9053157372516463e+00
   7.5172334031285926e-01  -8.0834002840148869e-02  -1.6552738838892384e-08   2.2546918711993677e-01   4.9144349544695143e-01   2.8119388329219241e-01   4.8813660029797141e+00
   7.8131390396566658e-01  -5.4247661455062629e-02   6.8987141736394711e-08   2.2237622030541820e-01   4.5306475144824671e-01   2.6846223234462663e-01   4.5571980353698125e+00
   7.8524872514265853e-01  -5.0786392582734291e-02   3.9438949164225011e-08   2.2310152107987524e-01   4.4778673316224588e-01   2.6752005680773311e-01   4.5117441851508984e+00
   7.8768030726163030e-01  -4.8665813959662664e-02   6.3299238880056095e-08   2.2369058434838637e-01   4.4450359747546953e-01   2.6702928955363192e-01   4.4834325245802331e+00
   7.9140074980304753e-01  -4.5452651652087998e-02   5.0886424127812718e-08   2.2480215929408578e-01   4.3944772582209873e-01   2.6641519034622074e-01   4.4398086405587938e+00
   7.9282584568355496e-01  -4.4232872013163796e-02   1.0008626416058500e-07   2.2529585734606675e-01   4.3750047883721338e-01   2.6622419460301949e-01   4.4230076334451205e+00
   7.9399806425995911e-01  -4.3234491024970796e-02   1.1959618785432370e-07   2.2573022735735887e-01   4.3589428349555770e-01   2.6608559065043663e-01   4.4091517835000236e+00
   7.9477915782076658e-01  -4.2571804851112033e-02   1.2334152229534663e-07   2.2603386869548731e-01   4.3482174881508634e-01   2.6600254360493963e-01   4.3999016021398321e+00
   7.9604102080556083e-01  -4.1505716070166808e-02   1.2183633936428012e-07   2.2654846295236133e-01   4.3308519489909880e-01   2.6588417528348313e-01   4.3849292994108495e+00
   7.9701656746447724e-01  -4.0685420430617757e-02   1.3196239800359474e-07   2.2696672623799444e-01   4.3173935978436412e-01   2.6580609017852769e-01   4.3733309527681286e+00
   7.9846497038995190e-01  -3.9474034362645474e-02   1.4453183357196388e-07   2.2762062163642988e-01   4.2973581357444440e-01   2.6571185116871615e-01   4.3560746408830058e+00
   7.9963453243283256e-01  -3.8501747523006995e-02   1.3414074531768565e-07   2.2817734236587509e-01   4.2811324655196281e-01   2.6565476222220541e-01   4.3421099908680318e+00
   8.0139007848138755e-01  -3.7052513268412621e-02   1.5378523531353605e-07   2.2906132918774050e-01   4.2566966119926103e-01   2.6560113399651430e-01   4.3211008469106975e+00
   8.0194598721377264e-01  -3.6614069462810948e-02  -1.9831916888443852e-05   2.2932503395796047e-01   4.2489706159791779e-01   2.6559199467142591e-01   4.3142295351301163e+00
   8.0342954451850457e-01  -3.5446378046674901e-02  -6.9041061349464834e-05   2.3006264330544848e-01   4.2282997754960822e-01   2.6558783953602538e-01   4.2959049043029527e+00
   8.0444463070024885e-01  -3.4575451271893008e-02  -1.5405402888616910e-05   2.3071555457657592e-01   4.2139705925784637e-01   2.6560055516277908e-01   4.2842552766813720e+00
   8.0608009895164656e-01  -3.3267992570427875e-02  -2.6096135976468233e-05   2.3167004545715400e-01   4.1909738714430295e-01   2.6564946859356958e-01   4.2644399622165867e+00
   8.0628110657408514e-01  -3.3459207927672333e-02  -4.2708532357264416e-04   2.3121599776418522e-01   4.1888295662670222e-01   2.6567230021949473e-01   4.2577978066192115e+00
   8.0781684448884761e-01  -3.1869533194367049e-02  -1.0653225237245096e-05   2.3277746605961602e-01   4.1664081969667882e-01   2.6573791660852902e-01   4.2436372869624499e+00
   8.0860687620864657e-01  -3.1234698656573009e-02   3.5908310593377049e-07   2.3330593743356862e-01   4.1551917249779602e-01   2.6579056342658663e-01   4.2342037941080850e+00
   8.0977781229204548e-01  -3.0313793179842809e-02   1.3716477602430249e-07   2.3408699912357783e-01   4.1385573338854481e-01   2.6588438267682341e-01   4.2200322962070143e+00
   8.1080953444082637e-01  -2.9255232450848136e-02   2.9287286876619598e-04   2.3522369969708334e-01   4.1233063364491102e-01   2.6595547820094145e-01   4.2106675522163668e+00
   8.1201001338460166e-01  -2.8585696845469306e-02  -1.0259572342079313e-05   2.3563310361936010e-01   4.1067324582993769e-01   2.6611382985249432e-01   4.1928644964588280e+00
   8.1300373271569382e-01  -2.7804568325424252e-02   8.4298725629740876e-06   2.3638584962921264e-01   4.0924626762547756e-01   2.6623451072850313e-01   4.1810034961065083e+00
   8.1466360453841946e-01  -2.6352732531100737e-02   2.2653918306455130e-04   2.3796114556662135e-01   4.0681682002611597e-01   2.6643876036231706e-01   4.1632002440030842e+00
   8.1510747829977637e-01  -2.6066145016203794e-02   1.6849801232473135e-04   2.3821974598766477e-01   4.0618864296575108e-01   2.6651459019980345e-01   4.1571752487660536e+00
   8.1522060464234292e-01  -2.6329257275472265e-02  -2.4223149815900567e-04   2.3769998995492680e-01   4.0610811636230110e-01   2.6659075183224812e-01   4.1513386051854884e+00
   8.1574108874556872e-01  -2.5738260169468574e-02  -8.4074343317180411e-06   2.3845540404979748e-01   4.0531005098396022e-01   2.6664248088981712e-01   4.1475451162879127e+00
   8.1634430849494155e-01  -2.5275031893290646e-02   3.6014430501439304e-06   2.3895375697316457e-01   4.0443570745583357e-01   2.6674353105469323e-01   4.1403342368579050e+00
   8.1677490524580210e-01  -2.4919750584775042e-02   4.2844714624423485e-05   2.3935936472348981e-01   4.0380436218148641e-01   2.6681357762605878e-01   4.1355204321434451e+00
   8.1732800927112936e-01  -2.4544669841090119e-02  -1.3413111811036844e-06   2.3974474354463490e-01   4.0301192300447231e-01   2.6692256474105086e-01   4.1283018164330620e+00
   8.1772578481376645e-01  -2.4247544791224596e-02   6.0055030272023651e-07   2.4007563418663044e-01   4.0243432547905889e-01   2.6699801773761644e-01   4.1234773481146174e+00
   8.1828848881396965e-01  -2.3858923871787448e-02  -3.2639218225317317e-05   2.4049499929615040e-01   4.0162378868388149e-01   2.6711488685806006e-01   4.1162557899093164e+00
   8.1871516026059965e-01  -2.3516885889150827e-02   6.8718664414857064e-08   2.4090356687156045e-01   4.0099615368448105e-01   2.6719590157065010e-01   4.1114141612149133e+00
   8.1930417638886455e-01  -2.3088395339909560e-02  -4.8740885726141761e-06   2.4139826905812092e-01   4.0013913422844494e-01   2.6732093361275133e-01   4.1041784591430330e+00
   8.1970645966226030e-01  -2.2788089879036154e-02   2.2903076607431344e-06   2.4175570777564151e-01   3.9955076480825014e-01   2.6740699335907903e-01   4.0993515321444702e+00
   8.2029780481974535e-01  -2.2359848942318600e-02  -9.6842053123004563e-07   2.4226594426241552e-01   3.9868768442990898e-01   2.6754023389038062e-01   4.0921024083636199e+00
   8.2071212134949023e-01  -2.2042850211213535e-02   1.8615814010480248e-05   2.4266030227905891e-01   3.9807736910665759e-01   2.6763183567651339e-01   4.0872640927351780e+00
   8.2130056889107950e-01  -2.1623285066402174e-02   1.1610867707478249e-05   2.4317348606456748e-01   3.9721696961738584e-01   2.6777328600019568e-01   4.0800058335351457e+00
   8.2169038854735210e-01  -2.1348738918601992e-02   4.2000651914166304e-06   2.4351281201110134e-01   3.9664685499154018e-01   2.6787030304301451e-01   4.0751657207462291e+00
   8.2227245760994450e-01  -2.0943284464015510e-02  -1.0324459494465295e-05   2.4401949331195349e-01   3.9579523317118681e-01   2.6802002565851779e-01   4.0678984408324066e+00
   8.2248031446931913e-01  -2.0785737515816673e-02   5.3625712706717931e-07   2.4422628640754551e-01   3.9548719288256334e-01   2.6807090703256359e-01   4.0654812967546707e+00
   8.2306696984245098e-01  -2.0374950660058521e-02  -8.1961019395425556e-06   2.4475457900448866e-01   3.9462566404023824e-01   2.6822700909155645e-01   4.0582200961595216e+00
   8.2314818188037941e-01  -2.0581753558699421e-02  -3.2973838365269294e-04   2.4434087584359615e-01   3.9457838690366570e-01   2.6832696411365892e-01   4.0536464978676534e+00
   8.2432498540846300e-01  -1.9494819878338454e-02  -1.9454607167263482e-05   2.4592039428721427e-01   3.9277179142327512e-01   2.6857647000748208e-01   4.0427272174961351e+00
   8.2494627776647711e-01  -1.9035313492856615e-02   9.7046812068271940e-06   2.4656012426013296e-01   3.9184573720137783e-01   2.6874806068230500e-01   4.0354626572342083e+00
   8.2581810807697387e-01  -1.8445907607006130e-02  -1.2312430738928376e-05   2.4737378025856840e-01   3.9055810082299036e-01   2.6901485052170993e-01   4.0245615469409461e+00
   8.2647822372180291e-01  -1.7932017854347899e-02   5.8088294116166728e-05   2.4813300893200654e-01   3.8956036384362897e-01   2.6919912141708502e-01   4.0172861767604466e+00
   8.2731761119241010e-01  -1.7402199229832108e-02   1.1938108887153600e-07   2.4888352241327763e-01   3.8832398101579479e-01   2.6948502203769725e-01   4.0063729013244807e+00
   8.2791089551069208e-01  -1.6997157149672582e-02   9.4622398565807897e-08   2.4948486163192735e-01   3.8743849496850102e-01   2.6968129877277341e-01   3.9991198074584928e+00
   8.2887277158817918e-01  -1.6287187157892662e-02   7.2243071684080132e-05   2.5058561554237035e-01   3.8598182036453760e-01   2.6998688347505806e-01   3.9881784729370131e+00
   8.2939630112062779e-01  -1.5997136400375124e-02  -5.3503863110816358e-06   2.5101085634537595e-01   3.8521597578494582e-01   2.7019671211813689e-01   3.9808972334701651e+00
   8.3029100410558343e-01  -1.5397830267501047e-02  -3.9548111730005654e-06   2.5195707942460177e-01   3.8387134564673386e-01   2.7052108277690923e-01   3.9699734770151265e+00
   8.3088723461782654e-01  -1.5002471691707394e-02  -4.4715177114009082e-06   2.5259366317600385e-01   3.8297361108797484e-01   2.7074421321941583e-01   3.9626773213533748e+00
   8.3178488491126035e-01  -1.4407374236629654e-02   5.2580334030050352e-08   2.5357283110152118e-01   3.8161758312592609e-01   2.7108804917060186e-01   3.9517533519770667e+00
   8.3233095742388219e-01  -1.4093112347494476e-02  -5.4210433216333369e-05   2.5408638010446416e-01   3.8080543823209789e-01   2.7132429134032199e-01   3.9444552358823453e+00
   8.3327640028072913e-01  -1.3436261293430592e-02  -1.7690370109763043e-08   2.5522105566969999e-01   3.7935798403954318e-01   2.7168833580211482e-01   3.9335168647578782e+00
   8.3357479043115612e-01  -1.3243710411272362e-02   4.1602947922596278e-09   2.5555581163419783e-01   3.7890465202256174e-01   2.7181238098846783e-01   3.9298691872524203e+00
   8.3446865032988760e-01  -1.2669880385604619e-02   7.7256812768938246e-07   2.5656960825822211e-01   3.7754389047947035e-01   2.7219165104012760e-01   3.9189510336898721e+00
   8.3506605955028423e-01  -1.2287737411479212e-02   3.3156613644860083e-06   2.5725865858669661e-01   3.7663171730166989e-01   2.7245096873094615e-01   3.9116781050969571e+00
   8.3582763480130373e-01  -1.1924418351371917e-02  -1.4755827904725503e-04   2.5790175434393586e-01   3.7550759449628951e-01   2.7285511650992045e-01   3.9006261531380546e+00
   8.3647913778379990e-01  -1.1471931290090491e-02  -9.1513940858409603e-05   2.5875428680522317e-01   3.7449431751308415e-01   2.7312976342267137e-01   3.8933104797972771e+00
   8.3784016157628616e-01  -1.0556445926454133e-02   4.3912476332258477e-08   2.6052106759456017e-01   3.7237673632815915e-01   2.7373241401071724e-01   3.8777424091768236e+00
   8.3865654835602432e-01  -1.0034581325183482e-02   2.7952319062661958e-05   2.6155461717381190e-01   3.7110906232568641e-01   2.7411843060959534e-01   3.8680959751070212e+00
   8.3976669516908120e-01  -9.3831446647863869e-03  -4.3388506922893959e-08   2.6287402742251897e-01   3.6939802423324070e-01   2.7469113556882174e-01   3.8542137862911408e+00
   8.4074886802293713e-01  -8.7946674991467542e-03   6.5407716317352621e-08   2.6410028487789039e-01   3.6787185967651020e-01   2.7520215826718114e-01   3.8422256758883973e+00
   8.4200553167461212e-01  -8.0426432582161138e-03   1.1783363029896094e-05   2.6571410450333699e-01   3.6590822857462940e-01   2.7587213097272262e-01   3.8270292016066185e+00
   8.4299033942829793e-01  -7.4841285012196453e-03  -9.4927562054937417e-06   2.6694967152144566e-01   3.6437219040014590e-01   2.7643102735118369e-01   3.8147671272570358e+00
   8.4451533429124370e-01  -6.6204081175311172e-03  -2.6551030662437525e-05   2.6892395825562720e-01   3.6197841513383283e-01   2.7731974068219423e-01   3.7959741281738602e+00
   8.4558674086739383e-01  -5.9823309038104129e-03   1.6070927615533675e-05   2.7042658944789033e-01   3.6027229256309401e-01   2.7793517466078155e-01   3.7834245432528215e+00
   8.4724672338552987e-01  -5.0714151744003910e-03   2.5232337656777570e-08   2.7266174738995813e-01   3.5764026746706240e-01   2.7897384057974395e-01   3.7630225949004532e+00
   8.4825289451467356e-01  -4.5285057804508762e-03  -9.4167727045685627e-06   2.7404175998774183e-01   3.5603687455123667e-01   2.7962616271788426e-01   3.7506672554271674e+00
   8.5016451568126095e-01  -3.4979142540463026e-03  -1.7172561273194782e-06   2.7675821963209829e-01   3.5296545833700371e-01   2.8089665135881903e-01   3.7275173121012557e+00
   8.5112115262246979e-01  -2.9300769018179395e-03   8.6763096220982634e-05   2.7828588557221023e-01   3.5139247585883493e-01   2.8149731620897495e-01   3.7169576886947264e+00
   8.5183490197934308e-01  -2.6257641756190159e-03  -4.4151274296196086e-06   2.7917191204373448e-01   3.5026568056244073e-01   2.8206471068365080e-01   3.7071969502637665e+00
   8.5194308512232730e-01  -2.5303279694140102e-03   4.9753458505722575e-05   2.7942194175225321e-01   3.5007255532693826e-01   2.8210358982489525e-01   3.7065347923743648e+00
   8.5190360115335406e-01  -2.6427129319059133e-03  -7.6337437562282520e-05   2.7915080433866452e-01   3.5017751440315920e-01   2.8216452649425694e-01   3.7054988986062916e+00
   8.5203669110977254e-01  -2.5279225600433959e-03  -1.3191727123020719e-05   2.7945272100878826e-01   3.4994106071999703e-01   2.8221513117282004e-01   3.7046419508369151e+00
   8.5214376150507054e-01  -2.4645814500711704e-03  -2.0141748931779002e-06   2.7962882882855000e-01   3.4976356427196531e-01   2.8228400088854871e-01   3.7034767136953848e+00
   8.5222897168507095e-01  -2.3998481206711809e-03   2.6630819374791684e-05   2.7980259020189574e-01   3.4961581196502284e-01   2.8232483415404075e-01   3.7027870135413310e+00
   8.5229749747120609e-01  -2.3807923911422016e-03   4.4223767615859250e-06   2.7986581038864450e-01   3.4951169101251695e-01   2.8239002593909329e-01   3.7016882712881451e+00
   8.5234828611131164e-01  -2.3595347494992642e-03  -2.2188969231650910e-06   2.7992934392963059e-01   3.4943130377886855e-01   2.8243140864342847e-01   3.7009920236935092e+00
   8.5245288633260996e-01  -2.2995279472575983e-03   6.4681806265457636e-06   2.8009824357221791e-01   3.4925839975605649e-01   2.8250077658059791e-01   3.6998271724573386e+00
   8.5249713406242988e-01  -2.2861306637312322e-03  -6.2939957761326548e-06   2.8014188645300392e-01   3.4919060126255747e-01   2.8254197507610096e-01   3.6991366846037876e+00
   8.5264727818988229e-01  -2.1653845854884830e-03   5.4031398998417163e-05   2.8046600031410318e-01   3.4892656722700399e-01   2.8260743866535371e-01   3.6980409887607895e+00
   8.5264956170669126e-01  -2.2047739386168658e-03  -1.7367939879400773e-06   2.8037477496757474e-01   3.4894110805969530e-01   2.8264933572682521e-01   3.6973419422231490e+00
   8.5274129328529524e-01  -2.1610140590314067e-03  -6.0349722637072917e-06   2.8050319194490636e-01   3.4879318990085856e-01   2.8271922245668246e-01   3.6961772038031877e+00
   8.5295380578150160e-01  -1.9381740492033623e-03   1.5154679271974641e-04   2.8108575967379884e-01   3.4839517953255433e-01   2.8275980766009484e-01   3.6954977334158770e+00
   8.5289473692043105e-01  -2.0783502417002120e-03  -1.6938686928785751e-08   2.8074077493054928e-01   3.4854131138362304e-01   2.8282690474358874e-01   3.6943880372534079e+00
   8.5288977155078805e-01  -2.1098656073283316e-03  -3.9916096748312570e-05   2.8066563229254543e-01   3.4856247246578387e-01   2.8285223202476334e-01   3.6939678713511928e+00
   8.5293409828795819e-01  -2.1140926887515377e-03  -7.6842452297862934e-05   2.8066861987038405e-01   3.4850234184371964e-01   2.8291152515691065e-01   3.6929855383629850e+00
   8.5297817828566480e-01  -2.1055523454079168e-03  -9.6008361452720042e-05   2.8070143791132335e-01   3.4843678951012680e-01   2.8295781608669868e-01   3.6922200044436688e+00
   8.5331043273477925e-01  -1.7610978555414629e-03   1.4616685591579970e-04   2.8160755392605585e-01   3.4781519490862228e-01   2.8302508139827720e-01   3.6911083519089680e+00
   8.5332426217552781e-01  -1.7902407007725357e-03   9.6328017230869201e-05   2.8154346446035289e-01   3.4780911912619322e-01   2.8307193031693412e-01   3.6903394935615048e+00
   8.5332146229826134e-01  -1.8527467704711671e-03   1.2084788926244525e-05   2.8139599780663699e-01   3.4784150394266555e-01   2.8313178782005866e-01   3.6893577178878725e+00
   8.5337707102724469e-01  -1.8292268611483757e-03   5.6880830550127409e-06   2.8146806978462918e-01   3.4775284522851213e-01   2.8317760960185462e-01   3.6886061912870232e+00
   8.5348089660822546e-01  -1.7763234266574800e-03   6.2259344347261047e-06   2.8162402626678773e-01   3.4758314386861106e-01   2.8325414038480096e-01   3.6873535406516322e+00
   8.5353429003164483e-01  -1.7667622405871050e-03  -1.7812609156795181e-05   2.8166289181144705e-01   3.4750387138323841e-01   2.8331153237169632e-01   3.6864162032558676e+00
   8.5380727321187266e-01  -1.6173345163073424e-03  -1.4869131265728142e-06   2.8209956659149482e-01   3.4705232463694086e-01   2.8350295921795099e-01   3.6833029286838634e+00
   8.5404488854366545e-01  -1.4944450500479511e-03   3.4305010091035745e-06   2.8246499489885935e-01   3.4666192712518762e-01   2.8367749041203055e-01   3.6804814998233080e+00
   8.5455798434916708e-01  -1.2437044798047242e-03  -4.2590570692360025e-06   2.8322644670624531e-01   3.4582369081788489e-01   2.8407158501071844e-01   3.6741695206341540e+00
   8.5477084607584319e-01  -1.1457481174553226e-03  -1.5101384296480926e-05   2.8353067311491542e-01   3.4547797936027591e-01   2.8424236752265519e-01   3.6714590077734894e+00
   8.5570350082043323e-01  -6.7145819306314240e-04   5.3841813385645948e-06   2.8499023493396075e-01   3.4393676421149777e-01   2.8494831866096304e-01   3.6604092292191726e+00
   8.5627555284156265e-01  -3.9960439598592213e-04  -4.2322641308784742e-06   2.8585550924593955e-01   3.4299590242501105e-01   2.8540645987824220e-01   3.6533667611499610e+00
   8.5738385644835469e-01   3.4974125700439757e-05  -1.4284848496475683e-04   2.8734125221502971e-01   3.4120766240118106e-01   2.8640997062636564e-01   3.6382725124061412e+00
   8.5829226399220859e-01   5.6977485013848803e-04   3.6710033126646086e-06   2.8902754217519960e-01   3.3964606512193229e-01   2.8703712078869753e-01   3.6290677177188608e+00
   8.5946043991836629e-01   1.1092730774102542e-03  -3.7142882462152388e-06   2.9087959690385168e-01   3.3769615409903919e-01   2.8802689444164659e-01   3.6148627694351130e+00
   8.6041453661245959e-01   1.5500285257285609e-03   8.6064718677822394e-07   2.9243019807227444e-01   3.3609221270720274e-01   2.8884570583261160e-01   3.6033991373205163e+00
   8.6209496846645672e-01   2.4001872932124238e-03   1.3800404654479813e-04   2.9543271629037593e-01   3.3320322699949284e-01   2.9021188683684496e-01   3.5848114559294428e+00
   8.6335404060696219e-01   2.8589397940385584e-03   4.6409793841000607e-06   2.9730018453419327e-01   3.3110938338857165e-01   2.9148967209878007e-01   3.5680059766695500e+00
   8.6522158275752470e-01   3.6587450873050982e-03   8.4735879286139404e-06   3.0048453572724837e-01   3.2790653198721126e-01   2.9325849541341270e-01   3.5455785476048152e+00
   8.6615928875262194e-01   4.0299170797260565e-03  -1.9988223309213432e-05   3.0205446261349311e-01   3.2629860112560638e-01   2.9420464285155923e-01   3.5339549326477817e+00
   8.6803382822709008e-01   4.8070039078320827e-03   2.3560736610375721e-06   3.0538869750748304e-01   3.2303136783264280e-01   2.9607189073476170e-01   3.5117208033751610e+00
   8.6872601199376653e-01   5.0836017161879085e-03   4.9799430872983670e-06   3.0662763003327420e-01   3.2181901297115295e-01   2.9678611719542553e-01   3.5034498246797185e+00
   8.7073550830201618e-01   5.8604707292863045e-03   3.1864073646026281e-06   3.1026238110457821e-01   3.1827771082778339e-01   2.9892973281284330e-01   3.4793473712038425e+00
   8.7187372324592161e-01   6.2762779768682966e-03  -1.4645166480368316e-05   3.1232655436820145e-01   3.1626133875751400e-01   3.0020390551589321e-01   3.4655030386085364e+00
   8.7415077450152823e-01   7.1157398763750787e-03   3.4214120417548621e-06   3.1663758517029861e-01   3.1216722458341928e-01   3.0278091420830361e-01   3.4385129296697037e+00
   8.7565352604846858e-01   7.6420915625775637e-03   4.7309632607052399e-06   3.1952313325701820e-01   3.0943990023106910e-01   3.0456155565664395e-01   3.4205958140221298e+00
   8.7780131309077436e-01   8.3644978340582411e-03   4.2050660249669247e-06   3.2372752172156460e-01   3.0550002566053980e-01   3.0720622845034545e-01   3.3949954184510576e+00
   8.7914952017843295e-01   8.7695286356492663e-03  -4.5034675146373923e-05   3.2632302375887323e-01   3.0302072645499967e-01   3.0899305498986301e-01   3.3783333744362243e+00
   8.8104184218105064e-01   9.3833186453787052e-03  -9.7255496289937182e-06   3.3023873755014310e-01   2.9946014072922295e-01   3.1143967566788283e-01   3.3562871492530424e+00
   8.8250385805502451e-01   9.8307757579630100e-03   3.4361617030909120e-06   3.3329327315651303e-01   2.9668452981052224e-01   3.1341411397503621e-01   3.3391002602664908e+00
   8.8348451505966785e-01   1.0155948987157949e-02   6.5692000489231059e-05   3.3547793286635075e-01   2.9478370074571209e-01   3.1469068930317301e-01   3.3282582678998187e+00
   8.8492228468839429e-01   1.0519700060006784e-02  -2.9071419909987295e-06   3.3840042573845935e-01   2.9204393868280004e-01   3.1685257527141841e-01   3.3103587704638500e+00
   8.8590859573701042e-01   1.0818215421673098e-02   4.1840728610762021e-05   3.4062056448784161e-01   2.9010718449892076e-01   3.1822872904101368e-01   3.2992514053194175e+00
   8.8732035772691198e-01   1.1172830527857008e-02   8.3161845331140155e-06   3.4364038776765388e-01   2.8735447001776804e-01   3.2040325845943518e-01   3.2821326419272654e+00
   8.8810837095386319e-01   1.1369173417126149e-02  -3.2837035822408378e-06   3.4536185098616184e-01   2.8580207753097220e-01   3.2163312336268585e-01   3.2726747172019013e+00
   8.8963542367965454e-01   1.1761148025449494e-02   1.3175572741127781e-05   3.4882425198826905e-01   2.8274896840820912e-01   3.2400679839825181e-01   3.2548558844701834e+00
   8.9024220695606604e-01   1.1883885109416757e-02  -2.7130517195250378e-05   3.5011771263459923e-01   2.8154726175462719e-01   3.2505179587598348e-01   3.2471858567147418e+00
   8.9141591542205301e-01   1.2007786049247049e-02  -2.8226811535177405e-04   3.5226390725582479e-01   2.7928820499976909e-01   3.2742841633619851e-01   3.2301086781463679e+00
   8.9293592021747803e-01   1.2522960598253932e-02  -8.7739986349283372e-08   3.5641474142169605e-01   2.7604385198413578e-01   3.2948082277758423e-01   3.2157897210939832e+00
   8.9387716014608010e-01   1.2725880205769884e-02  -4.7793434203892426e-06   3.5863150860186532e-01   2.7409797770964783e-01   3.3111224493948044e-01   3.2046532590584786e+00
   8.9521751863016730e-01   1.3011704681993813e-02   1.0033493880466692e-06   3.6185865888732116e-01   2.7129332761663888e-01   3.3346620196578025e-01   3.1889653885308205e+00
   8.9649419654573526e-01   1.3266292208089997e-02  -3.9592711566990846e-06   3.6495745332196017e-01   2.6859550741952776e-01   3.3578959957482885e-01   3.1739021250854402e+00
   8.9831542258344332e-01   1.3610901805461343e-02  -9.9372958834338665e-06   3.6946372220786949e-01   2.6469082451783799e-01   3.3920935980789801e-01   3.1524487087602107e+00
   8.9918075392884877e-01   1.3747861307076094e-02  -4.5600317780739030e-05   3.7156449110650647e-01   2.6282779541199391e-01   3.4094936279653476e-01   3.1418442301488745e+00
   9.0067945170671648e-01   1.4037110662998127e-02   4.0064666727551018e-06   3.7551531290661255e-01   2.5950802632087366e-01   3.4379796784702754e-01   3.1249139099113066e+00
   9.0263045494468408e-01   1.4452439586194852e-02   1.7901397249819873e-04   3.8103529122078555e-01   2.5505338440129954e-01   3.4738395459205662e-01   3.1043147996580731e+00
   9.0310475352669584e-01   1.4377805287863319e-02  -8.3558324391970820e-05   3.8166848774351803e-01   2.5411095086680124e-01   3.4897954232704625e-01   3.0954005739711112e+00
   9.0492024257347026e-01   1.4689639363465913e-02  -2.0797082877291317e-06   3.8675740061020630e-01   2.4990317159878594e-01   3.5269012640937253e-01   3.0752143681098310e+00
   9.0570479716188579e-01   1.4797693146979873e-02  -2.3890866608637271e-06   3.8890723184893444e-01   2.4807635054974728e-01   3.5442265262806083e-01   3.0660423396558856e+00
   9.0831396122560593e-01   1.5134344091134995e-02   8.6038999460840565e-06   3.9624988960843410e-01   2.4187294932285988e-01   3.6036794665088018e-01   3.0357181972408518e+00
   9.0955336459632974e-01   1.5270701634567159e-02  -7.7658932967801519e-07   3.9979166502116376e-01   2.3886431231558186e-01   3.6335034727828058e-01   3.0211387987793099e+00
   9.1165240565957728e-01   1.5484194390795417e-02  -6.8999412160593993e-06   4.0595472321079762e-01   2.3365389028765970e-01   3.6856471072447178e-01   2.9965893060941902e+00
   9.1243544445029390e-01   1.5576487021679328e-02   2.8806157237245070e-05   4.0840243660955783e-01   2.3165276399175130e-01   3.7046519685347329e-01   2.9879240392722277e+00
   9.1462941923769570e-01   1.5745932213287024e-02  -9.5419523299562770e-07   4.1505507520729062e-01   2.2599874202202297e-01   3.7634949086821601e-01   2.9619917026065674e+00
   9.1602332232788841e-01   1.5858226830716346e-02   2.0072654997685749e-05   4.1950510801269847e-01   2.2229144352503721e-01   3.8012250045561730e-01   2.9460381023191857e+00
   9.1811099257931705e-01   1.5973027384325322e-02  -8.1156272158031117e-06   4.2617490624032961e-01   2.1662324095625707e-01   3.8619496672296300e-01   2.9213896331891958e+00
   9.1972472283549200e-01   1.6054586439160089e-02  -7.0157818178352704e-06   4.3154548215158134e-01   2.1209924973521649e-01   3.9102303277018341e-01   2.9026390576500289e+00
   9.2191735559827626e-01   1.6141973481039313e-02   3.8452434818724013e-08   4.3908289589196714e-01   2.0575093277218051e-01   3.9786881310514588e-01   2.8772427757892283e+00
   9.2315196111855646e-01   1.6140808498667631e-02  -7.4037726511214791e-05   4.4319976446133735e-01   2.0210982610077341e-01   4.0217185952284229e-01   2.8619466529302957e+00
   9.2490657594914649e-01   1.6207543980961914e-02  -1.7681011543913688e-06   4.4976813744850103e-01   1.9669446584697325e-01   4.0785469644656402e-01   2.8424862436229401e+00
   9.2533848132214414e-01   1.6089609078098418e-02  -2.6648625129862234e-04   4.5048418983979049e-01   1.9548397708940812e-01   4.1037880257237408e-01   2.8340853955889727e+00
   9.2776608208803224e-01   1.6233568534922624e-02   2.8501537125896065e-05   4.6062243021887311e-01   1.8751470978787754e-01   4.1800617695457193e-01   2.8096550141612240e+00
   9.2892939228855465e-01   1.6216033012669016e-02   1.0311355597848737e-05   4.6509265344212536e-01   1.8364026514396334e-01   4.2248221861707613e-01   2.7959085654943410e+00
   9.3058533002977561e-01   1.6206316100727362e-02   5.0403606925033748e-05   4.7185961084467132e-01   1.7791895414779985e-01   4.2880868137324218e-01   2.7771838689668211e+00
   9.3137587033964919e-01   1.6174854087434791e-02   2.1746459134384596e-05   4.7498997439702739e-01   1.7513745485627727e-01   4.3214261637557272e-01   2.7676331284207660e+00
   9.3282829652392341e-01   1.6133960629189398e-02   3.0096059197259363e-05   4.8109368294349275e-01   1.6985908225939786e-01   4.3817983863315269e-01   2.7508635967785455e+00
   9.3377674008451983e-01   1.6102641005233315e-02   4.0880747631897446e-05   4.8519518181450799e-01   1.6630903326838603e-01   4.4222900811843524e-01   2.7399792190480912e+00
   9.3493698466050768e-01   1.6015961742737620e-02  -4.4934213893070736e-05   4.8992339459575640e-01   1.6190147241733074e-01   4.4782156007460960e-01   2.7254014788371723e+00
   9.3554526019703321e-01   1.6005899185738307e-02   3.0405971744307259e-06   4.9282122230167102e-01   1.5949018883460203e-01   4.5036463935136861e-01   2.7189409582173276e+00
   9.3631493985305347e-01   1.5910796924907947e-02  -1.3084204157719602e-04   4.9573636809098226e-01   1.5648137804448908e-01   4.5464391524362968e-01   2.7082931604165603e+00
   9.3713434816362640e-01   1.5942429616704612e-02   6.5228532910268505e-05   5.0031370001592457e-01   1.5303945076892739e-01   4.5753779531078870e-01   2.7012548216873480e+00
   9.3830027793830106e-01   1.5881097448081739e-02   9.9271960128558857e-05   5.0593025350030407e-01   1.4813234514501666e-01   4.6307298538070563e-01   2.6881255494099983e+00
   9.3907787202274295e-01   1.5811452819849782e-02   6.0168063273828218e-05   5.0948443707562019e-01   1.4479890244295907e-01   4.6721606424810003e-01   2.6785815587220112e+00
   9.3998710343268366e-01   1.5762230801456598e-02   1.0901198397620954e-04   5.1414244331433934e-01   1.4075782950195453e-01   4.7165005618966382e-01   2.6686195785674101e+00
   9.4054038376979554e-01   1.5696261841565022e-02   5.0728635366991542e-05   5.1662082042523694e-01   1.3828662445875370e-01   4.7491986245490780e-01   2.6614401343752694e+00
   9.4141385279249679e-01   1.5608974833276302e-02   1.1203678179490167e-05   5.2083488507369557e-01   1.3427257516866159e-01   4.7989493586703852e-01   2.6507704392918825e+00
   9.4167611503738158e-01   1.5570184538966253e-02  -3.2558880204242706e-05   5.2196303328799054e-01   1.3306008461525293e-01   4.8160893580801761e-01   2.6471638482050506e+00
   9.4208664641842410e-01   1.5572255065698964e-02   7.0997043508583615e-05   5.2457064165569123e-01   1.3106347177327426e-01   4.8327505836050966e-01   2.6436907251474548e+00
   9.4221427117777745e-01   1.5533453359332212e-02  -3.3804659791813324e-06   5.2487127998337879e-01   1.3048567817360962e-01   4.8444914079413387e-01   2.6412646653150733e+00
   9.4240647780771891e-01   1.5475616720505484e-02  -1.1428922840296153e-04   5.2532583380095121e-01   1.2960936502001047e-01   4.8622116264905263e-01   2.6376284631042402e+00
   9.4253382360434179e-01   1.5494779866569995e-02  -2.9871448872463395e-05   5.2640192038234557e-01   1.2895558212681224e-01   4.8642857509065973e-01   2.6372084019857156e+00
   9.4284468504190277e-01   1.5485278404492703e-02   2.3231742320639279e-05   5.2829061961348356e-01   1.2741671766544285e-01   4.8788305412586402e-01   2.6342566414257553e+00
   9.4287889783335221e-01   1.5460248133097520e-02  -3.7036029692438194e-05   5.2817224403032836e-01   1.2727554084199627e-01   4.8845696228839319e-01   2.6330982843758579e+00
   9.4337198622592711e-01   1.5428009425053298e-02   3.6226629141124927e-06   5.3098213339552247e-01   1.2481930115450859e-01   4.9107329700610908e-01   2.6278653325523180e+00
   9.4361069754106808e-01   1.5444450274186776e-02   1.1455685036308228e-04   5.3281556805898211e-01   1.2357625502474334e-01   4.9176936400324900e-01   2.6264826267351311e+00
   9.4351565082413058e-01   1.5421017682490096e-02   2.3058361973230098e-05   5.3184588501868313e-01   1.2409289976845386e-01   4.9179443339168544e-01   2.6264360525734363e+00
   9.4338755180285916e-01   1.5391365049831612e-02  -9.4541673802880395e-05   5.3057073890509721e-01   1.2478409135562549e-01   4.9178710132188280e-01   2.6264485604078085e+00
   9.4351856405287160e-01   1.5419772017696081e-02   2.0372322122889398e-05   5.3184791462128322e-01   1.2407947000089017e-01   4.9182873124665044e-01   2.6263682501894783e+00
   9.4347096900203031e-01   1.5408038102676757e-02  -2.5376740468912073e-05   5.3136332862385116e-01   1.2433753752783355e-01   4.9183962649168117e-01   2.6263466512513571e+00
   9.4358048887980162e-01   1.5432222534849254e-02   7.2106780491346199e-05   5.3243986469352078e-01   1.2374646325066845e-01   4.9186323355294859e-01   2.6262988852693256e+00
   9.4352712313546683e-01   1.5418181905509559e-02   1.8263881961658786e-05   5.3188301749200506e-01   1.2403749709849007e-01   4.9189263027792984e-01   2.6262419319737935e+00
   9.4350247523364217e-01   1.5411801031865379e-02  -6.2933273648751935e-06   5.3162758394843590e-01   1.2417159962309059e-01   4.9190386181290979e-01   2.6262198003085477e+00
   9.4353194906805538e-01   1.5418441677742905e-02   2.0307624227212462e-05   5.3191910862560343e-01   1.2401242508865112e-01   4.9190804384557379e-01   2.6262114449800498e+00
   9.4351358073813130e-01   1.5413938800839326e-02   2.7085210145636612e-06   5.3173225731154639e-01   1.2411208444139371e-01   4.9191197716776403e-01   2.6262037669464031e+00
   9.4345710535583260e-01   1.5401369913210308e-02  -4.7785037497148023e-05   5.3117644413154108e-01   1.2441654627031562e-01   4.9190037087206578e-01   2.6262261672113349e+00
   9.4354055256957603e-01   1.5417934819449393e-02   2.1241135428221123e-05   5.3196979897457086e-01   1.2396889223820497e-01   4.9195281898753984e-01   2.6261229428443214e+00
