  -1.2588926747462700e-01   4.9777921488422000e-02   9.8773706218766799e-01   1.0000455943204900e-01  -8.7411701832024302e-01   5.6341756298529999e-02   6.2541866204424608e+00
  -1.2689083818111721e-01   4.9775865681425065e-02   9.8761747510205500e-01   1.0000090123456105e-01  -8.7311470996920049e-01   5.6397236087427610e-02   6.2541775774901165e+00
  -1.2789239355998000e-01   4.9773665845405088e-02   9.8749687026394051e-01   9.9996953331740773e-02  -8.7211242720088045e-01   5.6452620536658712e-02   6.2541685515502285e+00
  -1.2889393466995402e-01   4.9771331491632334e-02   9.8737524672342192e-01   9.9992734829329993e-02  -8.7111016789318019e-01   5.6507920192381239e-02   6.2541595425767085e+00
  -1.2989546250212045e-01   4.9768871499730472e-02   9.8725260356383659e-01   9.9988263564670332e-02  -8.7010793005888565e-01   5.6563144924830860e-02   6.2541505505230957e+00
  -1.3089697472219586e-01   4.9766265805134172e-02   9.8712894174563615e-01   9.9983499222938713e-02  -8.6910571837007111e-01   5.6618271606733703e-02   6.2541415753434766e+00
  -1.3189847448860101e-01   4.9763542124933897e-02   9.8700425911753076e-01   9.9978497486718929e-02  -8.6810352649999478e-01   5.6673331612875327e-02   6.2541326169918419e+00
  -1.3289995707844957e-01   4.9760659694928405e-02   9.8687855799035318e-01   9.9973176455161711e-02  -8.6710136390360826e-01   5.6728278119337255e-02   6.2541236754225453e+00
  -1.3390142454289600e-01   4.9757636620701991e-02   9.8675183683439482e-01   9.9967572500720386e-02  -8.6609922647130533e-01   5.6783131514247423e-02   6.2541147505899515e+00
  -1.3490288033418663e-01   4.9754503054223305e-02   9.8662409331542922e-01   9.9961746197907264e-02  -8.6509710728759115e-01   5.6837926077704590e-02   6.2541058424486922e+00
  -1.3590431979656531e-01   4.9751218921499946e-02   9.8649532970249765e-01   9.9955617032076866e-02  -8.6409501567343994e-01   5.6892615658542103e-02   6.2540969509534392e+00
  -1.3690574469889563e-01   4.9747799804127871e-02   9.8636554461207770e-01   9.9949216304368232e-02  -8.6309294808419645e-01   5.6947217837478775e-02   6.2540880760593982e+00
  -1.3790715484496105e-01   4.9744244264747925e-02   9.8623473777345749e-01   9.9942541124006246e-02  -8.6209090491070783e-01   5.7001730701798620e-02   6.2540792177211992e+00
  -1.3890855211484482e-01   4.9740568761951584e-02   9.8610290772806786e-01   9.9935624556766078e-02  -8.6108888238562364e-01   5.7056172929301284e-02   6.2540703758944245e+00
  -1.3990993291031806e-01   4.9736742531500455e-02   9.8597005614025424e-01   9.9928404788137151e-02  -8.6008688771219644e-01   5.7110508867268928e-02   6.2540615505344377e+00
  -1.4091130044684363e-01   4.9732793523642696e-02   9.8583618078134683e-01   9.9920937973931784e-02  -8.5908491444917046e-01   5.7164770435237613e-02   6.2540527415967011e+00
  -1.4191265302812611e-01   4.9728707384594721e-02   9.8570128222493270e-01   9.9913195270541086e-02  -8.5808296599093126e-01   5.7218940842430913e-02   6.2540439490369071e+00
  -1.4291398959197857e-01   4.9724475263051383e-02   9.8556536068130662e-01   9.9905158890225193e-02  -8.5708104446238420e-01   5.7273009588859683e-02   6.2540351728111050e+00
  -1.4391531222900417e-01   4.9720115363426555e-02   9.8542841455085384e-01   9.9896865407318292e-02  -8.5607914567471544e-01   5.7326997434170496e-02   6.2540264128751977e+00
  -1.4491662103973627e-01   4.9715628775932733e-02   9.8529044336891058e-01   9.9888317009403343e-02  -8.5507726942421924e-01   5.7380905403734486e-02   6.2540176691854379e+00
  -1.4591791375003160e-01   4.9710996280229736e-02   9.8515144803242483e-01   9.9879475075720175e-02  -8.5407542026278427e-01   5.7434710981283096e-02   6.2540089416981051e+00
  -1.4691919113212762e-01   4.9706224760592721e-02   9.8501142768720640e-01   9.9870353434664549e-02  -8.5307359664146620e-01   5.7488421852682735e-02   6.2540002303696438e+00
  -1.4792045378369231e-01   4.9701319582030390e-02   9.8487038157385809e-01   9.9860962863729752e-02  -8.5207179736135163e-01   5.7542043972088196e-02   6.2539915351569482e+00
  -1.4892170143364492e-01   4.9696278682344677e-02   9.8472830942967893e-01   9.9851299214990974e-02  -8.5107002296290235e-01   5.7595574680436551e-02   6.2539828560166013e+00
  -1.4992293323414255e-01   4.9691095096203314e-02   9.8458521132218979e-01   9.9841348491684523e-02  -8.5006827514159011e-01   5.7649005601830158e-02   6.2539741929056838e+00
  -1.5092415273182574e-01   4.9685799265009503e-02   9.8444108477736481e-01   9.9831171854784490e-02  -8.4906654679284299e-01   5.7702371917416714e-02   6.2539655457813028e+00
  -1.5192535609228530e-01   4.9680358788874071e-02   9.8429593157998929e-01   9.9820704203286412e-02  -8.4806484559294726e-01   5.7755635647713827e-02   6.2539569146006251e+00
  -1.5292654443515549e-01   4.9674783453353993e-02   9.8414975065112886e-01   9.9809965193568939e-02  -8.4706316929755798e-01   5.7808807917049121e-02   6.2539482993213307e+00
  -1.5392771727130586e-01   4.9669069361221355e-02   9.8400254183874669e-01   9.9798946993315568e-02  -8.4606151888374115e-01   5.7861883903721503e-02   6.2539396999005259e+00
  -1.5492887624020410e-01   4.9663230659292679e-02   9.8385430375285521e-01   9.9787678024738979e-02  -8.4505989106614066e-01   5.7914879881342307e-02   6.2539311162963962e+00
  -1.5593001894463707e-01   4.9657247285249000e-02   9.8370503734136439e-01   9.9776117973326139e-02  -8.4405829064305282e-01   5.7967772117954286e-02   6.2539225484665657e+00
  -1.5693114707133063e-01   4.9651133773947753e-02   9.8355474117938635e-01   9.9764296041030529e-02  -8.4305671423439721e-01   5.8020577354001970e-02   6.2539139963690742e+00
  -1.5793225916256881e-01   4.9644878053651198e-02   9.8340341566517686e-01   9.9752187969866957e-02  -8.4205516475701991e-01   5.8073281168107081e-02   6.2539054599622075e+00
  -1.5893335632273953e-01   4.9638489710641130e-02   9.8325105970384008e-01   9.9739813016955864e-02  -8.4105363999699878e-01   5.8125894528337996e-02   6.2538969392041377e+00
  -1.5993443864011483e-01   4.9631969729242595e-02   9.8309767278709226e-01   9.9727173159182392e-02  -8.4005213977527982e-01   5.8178418332489518e-02   6.2538884340532856e+00
  -1.6093550543342439e-01   4.9625312615442348e-02   9.8294325485237699e-01   9.9714257353504920e-02  -8.3905066545384732e-01   5.8230845852656143e-02   6.2538799444684150e+00
  -1.6193655650904243e-01   4.9618516997678705e-02   9.8278780555010792e-01   9.9701062840244908e-02  -8.3804921741822946e-01   5.8283175192912581e-02   6.2538714704081464e+00
  -1.6293759274679315e-01   4.9611590522534083e-02   9.8263132389974928e-01   9.9687604982342554e-02  -8.3704779390406692e-01   5.8335415092879095e-02   6.2538630118313883e+00
  -1.6393861604756874e-01   4.9604549369972079e-02   9.8247380831669195e-01   9.9673916288348832e-02  -8.3604639110246171e-01   5.8387584408345822e-02   6.2538545686973057e+00
  -1.6493962288658351e-01   4.9597364189239344e-02   9.8231526038984707e-01   9.9659937778723368e-02  -8.3504501606985093e-01   5.8439648235715402e-02   6.2538461409648525e+00
  -1.6594061502745955e-01   4.9590050018104431e-02   9.8215567860919617e-01   9.9645699667377283e-02  -8.3404366527190366e-01   5.8491624069311556e-02   6.2538377285936289e+00
  -1.6694159178464199e-01   4.9582601353343324e-02   9.8199506289550764e-01   9.9631190892989080e-02  -8.3304234007940292e-01   5.8543505137161278e-02   6.2538293315428541e+00
  -1.6794255118370888e-01   4.9575001948801170e-02   9.8183341392609036e-01   9.9616378807833986e-02  -8.3204104444399607e-01   5.8595271896944537e-02   6.2538209497721819e+00
  -1.6894349673795156e-01   4.9567281416056652e-02   9.8167072914825704e-01   9.9601322909178169e-02  -8.3103977132761486e-01   5.8646959176471503e-02   6.2538125832414222e+00
  -1.6994442794516501e-01   4.9559435770804905e-02   9.8150700836392879e-01   9.9586015191246685e-02  -8.3003852173370141e-01   5.8698562018727050e-02   6.2538042319105189e+00
  -1.7094534271855313e-01   4.9551447854217591e-02   9.8134225230772254e-01   9.9570421169571141e-02  -8.2903729983897434e-01   5.8750059766716003e-02   6.2537958957392759e+00
  -1.7194624250110635e-01   4.9543329937617619e-02   9.8117645963074873e-01   9.9554565499892028e-02  -8.2803610275148587e-01   5.8801466734992328e-02   6.2537875746881522e+00
  -1.7294712767161921e-01   4.9535085398479589e-02   9.8100962960657723e-01   9.9538454966046450e-02  -8.2703492971018511e-01   5.8852786693335574e-02   6.2537792687171914e+00
  -1.7394799583899526e-01   4.9526694609249897e-02   9.8084176314342053e-01   9.9522050125681355e-02  -8.2603378550123174e-01   5.8903995969056780e-02   6.2537709777869690e+00
  -1.7494884958624457e-01   4.9518179268266807e-02   9.8067285820451078e-01   9.9505394577161316e-02  -8.2503266494967520e-01   5.8955120169992978e-02   6.2537627018580597e+00
  -1.7594968915499606e-01   4.9509541589173575e-02   9.8050291413211643e-01   9.9488492766413764e-02  -8.2403156756921392e-01   5.9006161705729268e-02   6.2537544408911376e+00
