  -2.7595251577816698e-01   4.7988555234853000e-02   9.5816181889611696e-01   9.6475020648791002e-02  -7.2405752852018401e-01   6.3599104260328998e-02   6.2529977109685646e+00
  -2.7695170166641214e-01   4.7966899618933787e-02   9.5788373543782857e-01   9.6431902545844231e-02  -7.2305920332833806e-01   6.3639598536971737e-02   6.2529907805065541e+00
  -2.7795087195289170e-01   4.7945131343431188e-02   9.5760454062808242e-01   9.6388557371435646e-02  -7.2206090391777822e-01   6.3679995275182574e-02   6.2529838616222664e+00
  -2.7895002316782824e-01   4.7923224601482156e-02   9.5732423581635895e-01   9.6344933241161584e-02  -7.2106263723604513e-01   6.3720259766997689e-02   6.2529769542876306e+00
  -2.7994915775356904e-01   4.7901197889015812e-02   9.5704281844325445e-01   9.6301067335533425e-02  -7.2006439838860348e-01   6.3760416385187049e-02   6.2529700584749950e+00
  -2.8094827491668561e-01   4.7879045460051971e-02   9.5676028808160685e-01   9.6256948102236534e-02  -7.1906618896235008e-01   6.3800457165239063e-02   6.2529631741564726e+00
  -2.8194737586677859e-01   4.7856776540532595e-02   9.5647664297281021e-01   9.6212594085639966e-02  -7.1806800653198188e-01   6.3840394167456654e-02   6.2529563013046427e+00
  -2.8294645645992222e-01   4.7834360403110621e-02   9.5619188490579921e-01   9.6167943507332446e-02  -7.1706985939520795e-01   6.3880185911954504e-02   6.2529494398919123e+00
  -2.8394552017634894e-01   4.7811823231028665e-02   9.5590601060654934e-01   9.6123049005067629e-02  -7.1607174057874590e-01   6.3919867163239302e-02   6.2529425898907602e+00
  -2.8494456803814955e-01   4.7789172815512371e-02   9.5561901842220520e-01   9.6077926241184539e-02  -7.1507364803295159e-01   6.3959448113930076e-02   6.2529357512739647e+00
  -2.8594359883507203e-01   4.7766400320106948e-02   9.5533090817960986e-01   9.6032557447619724e-02  -7.1407558417951800e-01   6.3998916622591523e-02   6.2529289240140447e+00
  -2.8694261054100445e-01   4.7743490879762839e-02   9.5504168024858860e-01   9.5986912735216701e-02  -7.1307755307414900e-01   6.4038252371771021e-02   6.2529221080839532e+00
  -2.8794160226752463e-01   4.7720438128738107e-02   9.5475133423974012e-01   9.5940979302111665e-02  -7.1207955649390486e-01   6.4077446419077186e-02   6.2529153034565166e+00
  -2.8894058191340055e-01   4.7697300883105198e-02   9.5445986388573911e-01   9.5894875398014473e-02  -7.1108157861519938e-01   6.4116577803832578e-02   6.2529085101047572e+00
  -2.8993954238953973e-01   4.7674026706682436e-02   9.5416727292335057e-01   9.5848495596371597e-02  -7.1008363363494720e-01   6.4155575517646779e-02   6.2529017280017127e+00
  -2.9093848463928662e-01   4.7650622809739404e-02   9.5387355972245169e-01   9.5801854389631388e-02  -7.0908571966117651e-01   6.4194448960005840e-02   6.2528949571206960e+00
  -2.9193741060162287e-01   4.7627103736932533e-02   9.5357872197724169e-01   9.5754981019591484e-02  -7.0808783280752952e-01   6.4233217511830545e-02   6.2528881974346948e+00
  -2.9293631907758255e-01   4.7603460798192151e-02   9.5328275947797603e-01   9.5707858011182964e-02  -7.0708997547319141e-01   6.4271869124500836e-02   6.2528814489171527e+00
  -2.9393520764811448e-01   4.7579676328215428e-02   9.5298567283381985e-01   9.5660449845185624e-02  -7.0609215250097257e-01   6.4310379510543414e-02   6.2528747115414873e+00
  -2.9493407865334192e-01   4.7555767824038392e-02   9.5268745945260780e-01   9.5612791696964849e-02  -7.0509435920113250e-01   6.4348772072395269e-02   6.2528679852812026e+00
  -2.9593293196123921e-01   4.7531734503545531e-02   9.5238811839569804e-01   9.5564881992506429e-02  -7.0409659583563422e-01   6.4387045443016169e-02   6.2528612701098432e+00
  -2.9693176792156201e-01   4.7507579134886332e-02   9.5208764839466586e-01   9.5516726293705306e-02  -7.0309886170138869e-01   6.4425203085103633e-02   6.2528545660010701e+00
  -2.9793058852324233e-01   4.7483316530425715e-02   9.5178604706781234e-01   9.5468354380623191e-02  -7.0210115281203811e-01   6.4463264905683548e-02   6.2528478729285180e+00
  -2.9892939004919850e-01   4.7458919522771315e-02   9.5148331587948032e-01   9.5419711628857012e-02  -7.0110347661044103e-01   6.4501193581970068e-02   6.2528411908661576e+00
  -2.9992817374932490e-01   4.7434397506772280e-02   9.5117945293829431e-01   9.5370816924292140e-02  -7.0010583059058706e-01   6.4539001601861865e-02   6.2528345197879096e+00
  -3.0092693978248569e-01   4.7409751840771647e-02   9.5087445708300544e-01   9.5321672995433343e-02  -6.9910821443177062e-01   6.4576690512751361e-02   6.2528278596676676e+00
  -3.0192568827302885e-01   4.7384983624596304e-02   9.5056832717019957e-01   9.5272282051380011e-02  -6.9811062788224809e-01   6.4614261515618943e-02   6.2528212104795449e+00
  -3.0292441923589736e-01   4.7360093154082017e-02   9.5026106212436068e-01   9.5222644685241317e-02  -6.9711307090978003e-01   6.4651714715195874e-02   6.2528145721974795e+00
  -3.0392313250910474e-01   4.7335079430238659e-02   9.4995266098527475e-01   9.5172758884116415e-02  -6.9611554383623175e-01   6.4689048437467242e-02   6.2528079447960785e+00
  -3.0492182766057041e-01   4.7309939482161369e-02   9.4964312297150244e-01   9.5122618674076426e-02  -6.9511804752448547e-01   6.4726258294072525e-02   6.2528013282493982e+00
  -3.0592050534889476e-01   4.7284678314762366e-02   9.4933244655419735e-01   9.5072234114974785e-02  -6.9412058065290272e-01   6.4763350850855730e-02   6.2527947225319549e+00
  -3.0691916599633356e-01   4.7259299190166387e-02   9.4902063035848261e-01   9.5021611763097341e-02  -6.9312314237308215e-01   6.4800330303180609e-02   6.2527881276180972e+00
  -3.0791780847277755e-01   4.7233794045519445e-02   9.4870767406218404e-01   9.4970735404884543e-02  -6.9212573494629803e-01   6.4837185247522217e-02   6.2527815434823859e+00
  -3.0891643244719030e-01   4.7208160664325621e-02   9.4839357679541736e-01   9.4919600581672092e-02  -6.9112835903289904e-01   6.4873912302145370e-02   6.2527749700995736e+00
  -3.0991503666755305e-01   4.7182390140297722e-02   9.4807833831344146e-01   9.4868189381406190e-02  -6.9013101713830938e-01   6.4910498822203108e-02   6.2527684074443144e+00
  -3.1091362430614466e-01   4.7156505754711198e-02   9.4776195533913588e-01   9.4816548613452623e-02  -6.8913370290581910e-01   6.4946976648883090e-02   6.2527618554912427e+00
  -3.1191219364318828e-01   4.7130495179356621e-02   9.4744442793531447e-01   9.4764653488845024e-02  -6.8813641977751228e-01   6.4983328437093632e-02   6.2527553142153822e+00
  -3.1291074473339703e-01   4.7104359007263785e-02   9.4712575494573026e-01   9.4712505195483132e-02  -6.8713916764136573e-01   6.5019554681687880e-02   6.2527487835916604e+00
  -3.1390927906950283e-01   4.7078108251595391e-02   9.4680593422006443e-01   9.4660125875796419e-02  -6.8614194350484725e-01   6.5055670350229466e-02   6.2527422635951355e+00
  -3.1490779357608634e-01   4.7051720802202407e-02   9.4648496674130389e-01   9.4607471070535618e-02  -6.8514475352546678e-01   6.5091644436822249e-02   6.2527357542007831e+00
  -3.1590629151246030e-01   4.7025220465328275e-02   9.4616284913203785e-01   9.4554588645342677e-02  -6.8414759117224910e-01   6.5127509691903118e-02   6.2527292553838878e+00
  -3.1690477002597706e-01   4.6998586777726781e-02   9.4583958221445252e-01   9.4501437449683423e-02  -6.8315046215653163e-01   6.5163237339526586e-02   6.2527227671195851e+00
  -3.1790323250544528e-01   4.6971844428093490e-02   9.4551516250465262e-01   9.4448067125755375e-02  -6.8215335968774171e-01   6.5198861450499121e-02   6.2527162893833630e+00
  -3.1890167686459864e-01   4.6944978508373973e-02   9.4518959028647598e-01   9.4394447695306555e-02  -6.8115628794227723e-01   6.5234360961432925e-02   6.2527098221503978e+00
  -3.1990010208662256e-01   4.6917981875488651e-02   9.4486286510446793e-01   9.4340564790733855e-02  -6.8015924895435909e-01   6.5269725566888051e-02   6.2527033653964414e+00
  -3.2089851172380623e-01   4.6890880322450562e-02   9.4453498333584807e-01   9.4286470275310313e-02  -6.7916223560579225e-01   6.5304991009303093e-02   6.2526969190969046e+00
  -3.2189690146474653e-01   4.6863642957728130e-02   9.4420594679391889e-01   9.4232102029212311e-02  -6.7816525653003767e-01   6.5340113776680309e-02   6.2526904832273145e+00
  -3.2289527357332592e-01   4.6836286278912453e-02   9.4387575273445912e-01   9.4177493224286840e-02  -6.7716830718993648e-01   6.5375116629400445e-02   6.2526840577636191e+00
  -3.2389362628698992e-01   4.6808797798711138e-02   9.4354440119914851e-01   9.4122618747790779e-02  -6.7617139111333990e-01   6.5409981730683450e-02   6.2526776426814088e+00
  -3.2489196124030356e-01   4.6781189457400153e-02   9.4321188986564253e-01   9.4067502606809184e-02  -6.7517450502336795e-01   6.5444725503083986e-02   6.2526712379565597e+00
  -3.2589027718020430e-01   4.6753452446046194e-02   9.4287821841127062e-01   9.4012127085702335e-02  -6.7417765142770636e-01   6.5479335243282297e-02   6.2526648435651664e+00
  -3.2688857573348407e-01   4.6725598618740233e-02   9.4254338450403108e-01   9.3956516019726544e-02  -6.7318082706487647e-01   6.5513827304417627e-02   6.2526584594831212e+00
  -3.2788685492219821e-01   4.6697613985114857e-02   9.4220738831675110e-01   9.3900641272751592e-02  -6.7218403589439124e-01   6.5548181658478283e-02   6.2526520856864201e+00
  -3.2888511649123814e-01   4.6669511229654771e-02   9.4187022742089221e-01   9.3844528349208020e-02  -6.7118727441836401e-01   6.5582415856650811e-02   6.2526457221512333e+00
  -3.2988335889829362e-01   4.6641279502380291e-02   9.4153190167613854e-01   9.3788155429274503e-02  -6.7019054572365155e-01   6.5616514259156627e-02   6.2526393688539210e+00
  -3.3088158451244226e-01   4.6612935917761306e-02   9.4119240820141892e-01   9.3731556924414150e-02  -6.6919384506205404e-01   6.5650500733607203e-02   6.2526330257707210e+00
  -3.3187979243848414e-01   4.6584474243558424e-02   9.4085174639106550e-01   9.3674720302054842e-02  -6.6819717422410663e-01   6.5684366178293846e-02   6.2526266928778753e+00
  -3.3287798221677789e-01   4.6555891375463093e-02   9.4050991533036221e-01   9.3617639315889803e-02  -6.6720053412787850e-01   6.5718105885206046e-02   6.2526203701520426e+00
  -3.3387615174271235e-01   4.6527172506105330e-02   9.4016691525574458e-01   9.3560284188300202e-02  -6.6620392898666436e-01   6.5751698507228479e-02   6.2526140575695086e+00
  -3.3487430431321635e-01   4.6498341309143487e-02   9.3982274260424115e-01   9.3502702520689068e-02  -6.6520735219343452e-01   6.5785177310116585e-02   6.2526077551071531e+00
  -3.3587243805839467e-01   4.6469384648300471e-02   9.3947739743487046e-01   9.3444867896903094e-02  -6.6421080749143702e-01   6.5818523319610717e-02   6.2526014627413318e+00
  -3.3687055245687308e-01   4.6440299010733765e-02   9.3913087885625601e-01   9.3386773248774840e-02  -6.6321429592218317e-01   6.5851731186339940e-02   6.2525951804488660e+00
  -3.3786864949387835e-01   4.6411098681665333e-02   9.3878318420222839e-01   9.3328447301855827e-02  -6.6221781350644526e-01   6.5884820930940544e-02   6.2525889082066355e+00
  -3.3886672920346694e-01   4.6381784064652112e-02   9.3843431217347850e-01   9.3269890863063365e-02  -6.6122136017322986e-01   6.5917792836233613e-02   6.2525826459915335e+00
  -3.3986478944154941e-01   4.6352340132244624e-02   9.3808426300505121e-01   9.3211073712585302e-02  -6.6022494021489364e-01   6.5950625125949180e-02   6.2525763937803314e+00
  -3.4086282574616639e-01   4.6322735506632795e-02   9.3773303857452828e-01   9.3151932748761906e-02  -6.5922856256683349e-01   6.5983272517395899e-02   6.2525701515502279e+00
  -3.4186084887418233e-01   4.6293046529463026e-02   9.3738062997523353e-01   9.3092621487407545e-02  -6.5823220567848317e-01   6.6015843899901325e-02   6.2525639192780913e+00
  -3.4285885377167918e-01   4.6263237577861036e-02   9.3702703948409827e-01   9.3033068291771381e-02  -6.5723587967111186e-01   6.6048288017033885e-02   6.2525576969412917e+00
  -3.4385683960176672e-01   4.6233302919391317e-02   9.3667226639110679e-01   9.2973261630459339e-02  -6.5623958621828693e-01   6.6080596312052459e-02   6.2525514845169408e+00
  -3.4485480761560167e-01   4.6203251567535866e-02   9.3631630849619640e-01   9.2913219627245108e-02  -6.5524332281114495e-01   6.6112781396718015e-02   6.2525452819822283e+00
  -3.4585275570594604e-01   4.6173068840115822e-02   9.3595916598138407e-01   9.2852912754652905e-02  -6.5424709366818612e-01   6.6144821826029321e-02   6.2525390893146735e+00
  -3.4685068614226972e-01   4.6142770919098679e-02   9.3560083590767096e-01   9.2792373550794477e-02  -6.5325089424055427e-01   6.6176740543047341e-02   6.2525329064917567e+00
  -3.4784859543254709e-01   4.6112333402813344e-02   9.3524131943600475e-01   9.2731552942709766e-02  -6.5225473152061453e-01   6.6208502034801275e-02   6.2525267334907895e+00
  -3.4884648896857284e-01   4.6081794409335616e-02   9.3488061138171952e-01   9.2670527583339601e-02  -6.5125859470491254e-01   6.6240160946918120e-02   6.2525205702892928e+00
  -3.4984436241892053e-01   4.6051123650968057e-02   9.3451871349409321e-01   9.2609236561330466e-02  -6.5026249246743395e-01   6.6271673237669249e-02   6.2525144168651732e+00
  -3.5084221799986159e-01   4.6020336880825366e-02   9.3415562283909692e-01   9.2547711553856590e-02  -6.4926642036578264e-01   6.6303061331488430e-02   6.2525082731958461e+00
  -3.5184005387430017e-01   4.5989421385067508e-02   9.3379133937590875e-01   9.2485926991711306e-02  -6.4827038207733401e-01   6.6334306489347947e-02   6.2525021392592599e+00
  -3.5283787333112027e-01   4.5958400394196464e-02   9.3342585938248213e-01   9.2423929588664105e-02  -6.4727437101098051e-01   6.6365442053106655e-02   6.2524960150331266e+00
  -3.5383567158993651e-01   4.5927240594274027e-02   9.3305918491996620e-01   9.2361652346676579e-02  -6.4627839674008680e-01   6.6396419358660086e-02   6.2524899004955294e+00
  -3.5483345197927163e-01   4.5895965478391122e-02   9.3269131222237711e-01   9.2299142509943435e-02  -6.4528245259425732e-01   6.6427272156916850e-02   6.2524837956241308e+00
  -3.5583121525017031e-01   4.5864580454105540e-02   9.3232223936349146e-01   9.2236410950915310e-02  -6.4428653706610572e-01   6.6458008014622677e-02   6.2524777003972325e+00
  -3.5682895833768408e-01   4.5833064278059804e-02   9.3195196716013018e-01   9.2173414945395493e-02  -6.4329065629269011e-01   6.6488595675089884e-02   6.2524716147928396e+00
  -3.5782668217821556e-01   4.5801423682969064e-02   9.3158049354284478e-01   9.2110168029705619e-02  -6.4229480839544240e-01   6.6519044575317279e-02   6.2524655387891661e+00
  -3.5882438896604141e-01   4.5769674140333172e-02   9.3120781552288268e-01   9.2046701318362012e-02  -6.4129898897590665e-01   6.6549376971100152e-02   6.2524594723642775e+00
  -3.5982207436907543e-01   4.5737785639550027e-02   9.3083393482118881e-01   9.1982954452499127e-02  -6.4030320670947938e-01   6.6579548670485308e-02   6.2524534154965430e+00
  -3.6081974594588850e-01   4.5705810973364402e-02   9.3045884454945760e-01   9.1919033603756153e-02  -6.3930744645184034e-01   6.6609636576263676e-02   6.2524473681644954e+00
  -3.6181739490352843e-01   4.5673689123539842e-02   9.3008254965044734e-01   9.1854816054032312e-02  -6.3831172581440243e-01   6.6639551035112488e-02   6.2524413303462829e+00
  -3.6281502396468718e-01   4.5641439238795677e-02   9.2970504672458343e-01   9.1790340309748086e-02  -6.3731603934037195e-01   6.6669319684374784e-02   6.2524353020204870e+00
  -3.6381263458734570e-01   4.5609071625666436e-02   9.2932633327629355e-01   9.1725627098879881e-02  -6.3632038410618130e-01   6.6698957295922456e-02   6.2524292831657844e+00
  -3.6481022597197765e-01   4.5576580909588035e-02   9.2894640844157672e-01   9.1660665608981201e-02  -6.3532476171058061e-01   6.6728455630331793e-02   6.2524232737607646e+00
  -3.6580779840442795e-01   4.5543969251722029e-02   9.2856527056064397e-01   9.1595460183092697e-02  -6.3432917157822410e-01   6.6757817513851625e-02   6.2524172737840287e+00
  -3.6680535271570880e-01   4.5511242576445718e-02   9.2818291756804105e-01   9.1530022735425626e-02  -6.3333361204152328e-01   6.6787051339802117e-02   6.2524112832142791e+00
  -3.6780288507317893e-01   4.5478374546842788e-02   9.2779935079524367e-01   9.1464300294312142e-02  -6.3233809077537761e-01   6.6816117894024571e-02   6.2524053020303727e+00
  -3.6880039976755635e-01   4.5445395029189317e-02   9.2741456563812386e-01   9.1398352923959009e-02  -6.3134259918164415e-01   6.6845060881690954e-02   6.2523993302113130e+00
  -3.6979789591732443e-01   4.5412298089699404e-02   9.2702856125825961e-01   9.1332168688675761e-02  -6.3034713902333039e-01   6.6873871218208453e-02   6.2523933677357695e+00
  -3.7079537468609913e-01   4.5379091918597417e-02   9.2664133531361381e-01   9.1265764058104618e-02  -6.2935170796657236e-01   6.6902560708670580e-02   6.2523874145829899e+00
  -3.7179283362692611e-01   4.5345759800899450e-02   9.2625288810092332e-01   9.1199105412475265e-02  -6.2835631091032917e-01   6.6931104260492397e-02   6.2523814707317884e+00
  -3.7279027246952501e-01   4.5312300063143462e-02   9.2586321831838903e-01   9.1132189384129425e-02  -6.2736094839320111e-01   6.6959499009295334e-02   6.2523755361615958e+00
  -3.7378769154118452e-01   4.5278715148668880e-02   9.2547232421797399e-01   9.1065020884663561e-02  -6.2636561975681926e-01   6.6987748199980685e-02   6.2523696108512929e+00
  -3.7478509223318662e-01   4.5245014803725614e-02   9.2508020326027152e-01   9.0997619512752176e-02  -6.2537032221094746e-01   6.7015865966787339e-02   6.2523636947802617e+00
  -3.7578247308773527e-01   4.5211189178524784e-02   9.2468685499356218e-01   9.0929965457175160e-02  -6.2437505867324838e-01   6.7043837300200027e-02   6.2523577879278767e+00
  -3.7677983550330901e-01   4.5177248053479183e-02   9.2429227685569670e-01   9.0862078385059164e-02  -6.2337982633921796e-01   6.7071676416491088e-02   6.2523518902733954e+00
  -3.7777717921960813e-01   4.5143189804304297e-02   9.2389646749789245e-01   9.0793955028282927e-02  -6.2238462572745124e-01   6.7099380560009331e-02   6.2523460017962540e+00
  -3.7877450234904403e-01   4.5109001666963147e-02   9.2349942676896235e-01   9.0725569712092474e-02  -6.2138946061635802e-01   6.7126930296222270e-02   6.2523401224759869e+00
  -3.7977180659333348e-01   4.5074695483838509e-02   9.2310115185751740e-01   9.0656946252824028e-02  -6.2039432759409807e-01   6.7154342955575361e-02   6.2523342522921572e+00
  -3.8076909441383161e-01   4.5040288250999219e-02   9.2270163937570504e-01   9.0588118832184650e-02  -6.1939922172682149e-01   6.7181643678470293e-02   6.2523283912244061e+00
  -3.8176636054134799e-01   4.5005744093887717e-02   9.2230089165907547e-01   9.0519015293640467e-02  -6.1840415356737899e-01   6.7208778349384768e-02   6.2523225392521162e+00
  -3.8276360747702320e-01   4.4971080300316497e-02   9.2189890527760154e-01   9.0449670404821214e-02  -6.1740911810236754e-01   6.7235772504704305e-02   6.2523166963553889e+00
  -3.8376083595867094e-01   4.4936302071845333e-02   9.2149567809747446e-01   9.0380094626454313e-02  -6.1641411385065825e-01   6.7262633615751397e-02   6.2523108625138457e+00
  -3.8475804811343284e-01   4.4901424061793080e-02   9.2109120693893665e-01   9.0310317428743042e-02  -6.1541913654808023e-01   6.7289383429372240e-02   6.2523050377073215e+00
  -3.8575523544793411e-01   4.4866388560307557e-02   9.2068549652990128e-01   9.0240222735667744e-02  -6.1442420320648228e-01   6.7315934640724107e-02   6.2522992219159095e+00
  -3.8675240621193718e-01   4.4831251956846396e-02   9.2027853911552382e-01   9.0169923962896567e-02  -6.1342929729604923e-01   6.7342371847647242e-02   6.2522934151192358e+00
  -3.8774955832467406e-01   4.4796000231490135e-02   9.1987033462839074e-01   9.0099392909278445e-02  -6.1243442298230377e-01   6.7368673589791261e-02   6.2522876172976449e+00
  -3.8874669179075316e-01   4.4760633573588483e-02   9.1946088143961058e-01   9.0028629954251871e-02  -6.1143958025295375e-01   6.7394839816386304e-02   6.2522818284310286e+00
  -3.8974380538044734e-01   4.4725143797318428e-02   9.1905017883718232e-01   8.9957618629545821e-02  -6.1044477156861510e-01   6.7420857781785859e-02   6.2522760484996853e+00
  -3.9074089756443570e-01   4.4689520710860936e-02   9.1863822633065972e-01   8.9886338434294222e-02  -6.0944999998986693e-01   6.7446711638567386e-02   6.2522702774836665e+00
  -3.9173797090376661e-01   4.4653781869869076e-02   9.1822502035323816e-01   8.9814824676798813e-02  -6.0845526038337561e-01   6.7472427617842223e-02   6.2522645153633425e+00
  -3.9273502594166909e-01   4.4617931110628062e-02   9.1781055883974361e-01   8.9743085070444373e-02  -6.0746055165757240e-01   6.7498011208673409e-02   6.2522587621189851e+00
  -3.9373206031408492e-01   4.4581952594510796e-02   9.1739484190334974e-01   8.9671087756882123e-02  -6.0646587854558454e-01   6.7523437966824529e-02   6.2522530177308946e+00
  -3.9472907533389895e-01   4.4545855384424654e-02   9.1697786688567462e-01   8.9598850961071105e-02  -6.0547123841424566e-01   6.7548721295785707e-02   6.2522472821797415e+00
  -3.9572606895013013e-01   4.4509625798816406e-02   9.1655963365471871e-01   8.9526347161634656e-02  -6.0447663536923912e-01   6.7573839946239694e-02   6.2522415554457051e+00
  -3.9672304266470398e-01   4.4473274171484181e-02   9.1614013939222227e-01   8.9453597142829466e-02  -6.0348206639877155e-01   6.7598809271897320e-02   6.2522358375095335e+00
  -3.9771999893600629e-01   4.4436817249485241e-02   9.1571938054311575e-01   8.9380634586581159e-02  -6.0248752657466531e-01   6.7623654511467041e-02   6.2522301283518944e+00
  -3.9871693709177192e-01   4.4400250638631227e-02   9.1529735590617400e-01   8.9307450652952869e-02  -6.0149301724071846e-01   6.7648368639371334e-02   6.2522244279531209e+00
  -3.9971385510990182e-01   4.4363560875377822e-02   9.1487406529805337e-01   8.9234018259149811e-02  -6.0049854244484790e-01   6.7672930686065363e-02   6.2522187362943900e+00
  -4.0071075059405931e-01   4.4326732025277489e-02   9.1444950881861642e-01   8.9160305349794605e-02  -5.9950410698462908e-01   6.7697315785595236e-02   6.2522130533560398e+00
  -4.0170762578597846e-01   4.4289779366501567e-02   9.1402368304181647e-01   8.9086342654755485e-02  -5.9850970636605250e-01   6.7721546945097189e-02   6.2522073791191595e+00
  -4.0270448191798036e-01   4.4252711350817674e-02   9.1359658529351551e-01   8.9012147171898787e-02  -5.9751533811718538e-01   6.7745636773664825e-02   6.2522017135645394e+00
  -4.0370131738086928e-01   4.4215517343161120e-02   9.1316821505163315e-01   8.8937697507530819e-02  -5.9652100545877340e-01   6.7769568525857138e-02   6.2521960566732311e+00
  -4.0469813623906448e-01   4.4178224767629316e-02   9.1273856746305149e-01   8.8863048820628510e-02  -5.9552670024512910e-01   6.7793384101675153e-02   6.2521904084260846e+00
  -4.0569493561101216e-01   4.4140814444755386e-02   9.1230764295663325e-01   8.8788162531392795e-02  -5.9453242824592178e-01   6.7817053607890171e-02   6.2521847688041730e+00
  -4.0669171333318982e-01   4.4103272063469673e-02   9.1187544141379162e-01   8.8713009851226335e-02  -5.9353819379243844e-01   6.7840554537077449e-02   6.2521791377887448e+00
  -4.0768847137798325e-01   4.4065611009727085e-02   9.1144195954868656e-01   8.8637617701811111e-02  -5.9254399293008941e-01   6.7863907164912377e-02   6.2521735153607683e+00
  -4.0868521264911672e-01   4.4027850845149111e-02   9.1100719334536084e-01   8.8562025431010896e-02  -5.9154981983850563e-01   6.7887141444348043e-02   6.2521679015016245e+00
  -4.0968193011274423e-01   4.3989944742971195e-02   9.1057114639579617e-01   8.8486138842358814e-02  -5.9055568860585095e-01   6.7910184409926605e-02   6.2521622961924619e+00
  -4.1067862993569482e-01   4.3951934060584827e-02   9.1013381216490885e-01   8.8410041126627481e-02  -5.8956158687454263e-01   6.7933099809170977e-02   6.2521566994146571e+00
  -4.1167530865167146e-01   4.3913795834098185e-02   9.0969519149726419e-01   8.8333686087057800e-02  -5.8856752158575709e-01   6.7955851601536207e-02   6.2521511111495158e+00
  -4.1267197170316400e-01   4.3875566484472800e-02   9.0925527837937803e-01   8.8257146985729451e-02  -5.8757348183279134e-01   6.7978496100534844e-02   6.2521455313785381e+00
  -4.1366861224263030e-01   4.3837200560199720e-02   9.0881407624620780e-01   8.8180332390476707e-02  -5.8657948133082671e-01   6.8000962173600660e-02   6.2521399600833094e+00
  -4.1466523071569883e-01   4.3798701232384253e-02   9.0837158291814768e-01   8.8103248678980686e-02  -5.8558551918385826e-01   6.8023254286896928e-02   6.2521343972451602e+00
  -4.1566183042550714e-01   4.3760090640968169e-02   9.0792779399553836e-01   8.8025940384511336e-02  -5.8459158877128270e-01   6.8045406590143159e-02   6.2521288428457931e+00
  -4.1665841090956768e-01   4.3721365864402145e-02   9.0748270797230612e-01   8.7948401627391967e-02  -5.8359769101628833e-01   6.8067414162153894e-02   6.2521232968669489e+00
  -4.1765497091037768e-01   4.3682518719545010e-02   9.0703632395058609e-01   8.7870615945273053e-02  -5.8260382843496117e-01   6.8089263812041723e-02   6.2521177592901127e+00
  -4.1865151024618724e-01   4.3643548177738918e-02   9.0658864019349306e-01   8.7792581265351194e-02  -5.8161000138816821e-01   6.8110953512033293e-02   6.2521122300971852e+00
  -4.1964803047125265e-01   4.3604464704154786e-02   9.0613965360703042e-01   8.7714318638248301e-02  -5.8061620675881076e-01   6.8132499288611786e-02   6.2521067092698921e+00
  -4.2064452920491030e-01   4.3565252705083157e-02   9.0568936414203582e-01   8.7635796692936807e-02  -5.7962244931319729e-01   6.8153876247197293e-02   6.2521011967902416e+00
  -4.2164100907787760e-01   4.3525929755855258e-02   9.0523776784725074e-01   8.7557050781037163e-02  -5.7862872377749464e-01   6.8175111620656759e-02   6.2520956926398137e+00
  -4.2263747184086120e-01   4.3486507563244625e-02   9.0478486143770476e-01   8.7478104451668690e-02  -5.7763502664103961e-01   6.8196223522655114e-02   6.2520901968008920e+00
  -4.2363391008856255e-01   4.3446937386173154e-02   9.0433064875905378e-01   8.7398859652737110e-02  -5.7664137273655525e-01   6.8217134700511509e-02   6.2520847092554375e+00
  -4.2463032935875639e-01   4.3407255969872008e-02   9.0387512356065736e-01   8.7319390299573446e-02  -5.7564775096617282e-01   6.8237902681178492e-02   6.2520792299852630e+00
  -4.2562672869596574e-01   4.3367457168329307e-02   9.0341828464160912e-01   8.7239684026215736e-02  -5.7465416324090235e-01   6.8258517378934402e-02   6.2520737589728199e+00
  -4.2662310853262159e-01   4.3327543988527985e-02   9.0296012970844386e-01   8.7159746880171349e-02  -5.7366060869080193e-01   6.8278983166596668e-02   6.2520682961999876e+00
  -4.2761946824356534e-01   4.3287512475369869e-02   9.0250065728483364e-01   8.7079570902453496e-02  -5.7266708856523751e-01   6.8299293390271049e-02   6.2520628416492592e+00
  -4.2861580739430205e-01   4.3247359937846196e-02   9.0203986573798522e-01   8.6999150677560116e-02  -5.7167360373126941e-01   6.8319443373015945e-02   6.2520573953026020e+00
  -4.2961212658630121e-01   4.3207090495909380e-02   9.0157775261243223e-01   8.6918494490990289e-02  -5.7068015298045249e-01   6.8339439249946426e-02   6.2520519571426147e+00
  -4.3060842678140443e-01   4.3166710620758400e-02   9.0111431515643048e-01   8.6837615359613318e-02  -5.6968673438252149e-01   6.8359290933291253e-02   6.2520465271513963e+00
  -4.3160470662241274e-01   4.3126211561787378e-02   9.0064955243274047e-01   8.6756495675880618e-02  -5.6869335065317039e-01   6.8378984107694787e-02   6.2520411053116129e+00
  -4.3260096497786965e-01   4.3085586073379326e-02   9.0018346332137511e-01   8.6675120862911459e-02  -5.6770000405574161e-01   6.8398506793576286e-02   6.2520356916055464e+00
  -4.3359720516353123e-01   4.3044856039983356e-02   8.9971604318253462e-01   8.6593534943815109e-02  -5.6670668794390588e-01   6.8417893521562759e-02   6.2520302860158834e+00
  -4.3459342280381574e-01   4.3003992979698355e-02   8.9924729343838583e-01   8.6511680617130826e-02  -5.6571341108048612e-01   6.8437098372432434e-02   6.2520248885249492e+00
  -4.3558961928291517e-01   4.2963006137132539e-02   8.9877721095520147e-01   8.6429576479067738e-02  -5.6472017068908065e-01   6.8456135664998197e-02   6.2520194991155540e+00
  -4.3658579582756868e-01   4.2921903697517701e-02   8.9830579270946387e-01   8.6347238994157804e-02  -5.6372696430830072e-01   6.8475018089338119e-02   6.2520141177703117e+00
  -4.3758195425813540e-01   4.2880697694338929e-02   8.9783303519058566e-01   8.6264692367931689e-02  -5.6273378828775045e-01   6.8493764581329775e-02   6.2520087444720636e+00
  -4.3857809078251253e-01   4.2839363538083403e-02   8.9735893933268018e-01   8.6181887130509130e-02  -5.6174065022132846e-01   6.8512335259028778e-02   6.2520033792032947e+00
  -4.3957420746425474e-01   4.2797914856324934e-02   8.9688350141328166e-01   8.6098850695435034e-02  -5.6074754597129728e-01   6.8530751597189465e-02   6.2519980219470108e+00
  -4.4057030428607086e-01   4.2756351691096629e-02   8.9640671935015126e-01   8.6015583144222751e-02  -5.5975447556866109e-01   6.8549013268236064e-02   6.2519926726860895e+00
  -4.4156637717262626e-01   4.2714647698464156e-02   8.9592859428785609e-01   8.5932031476405629e-02  -5.5876144717504006e-01   6.8567077339534391e-02   6.2519873314033063e+00
  -4.4256243169193038e-01   4.2672839272411021e-02   8.9544911967294516e-01   8.5848268907309150e-02  -5.5776844963135586e-01   6.8585002093752748e-02   6.2519819980817726e+00
  -4.4355846665951520e-01   4.2630918854257446e-02   8.9496829432048186e-01   8.5764280227756257e-02  -5.5677548530716570e-01   6.8602774957421897e-02   6.2519766727044042e+00
  -4.4455447946806842e-01   4.2588869679408628e-02   8.9448611817916057e-01   8.5680031708534221e-02  -5.5578255942267496e-01   6.8620368374716745e-02   6.2519713552543132e+00
  -4.4555047326229591e-01   4.2546712319798230e-02   8.9400258658470133e-01   8.5595564734087831e-02  -5.5478966567393118e-01   6.8637815241626265e-02   6.2519660457145321e+00
  -4.4654644775078634e-01   4.2504445026626897e-02   8.9351769760876965e-01   8.5510875784515938e-02  -5.5379680464104386e-01   6.8655112353042683e-02   6.2519607440682838e+00
  -4.4754240068467449e-01   4.2462053392196629e-02   8.9303145088591229e-01   8.5425935871520475e-02  -5.5280398082634663e-01   6.8672235893551897e-02   6.2519554502985990e+00
  -4.4853833239890040e-01   4.2419539759759907e-02   8.9254384397011621e-01   8.5340749706626612e-02  -5.5181119355502883e-01   6.8689189214165752e-02   6.2519501643889379e+00
  -4.4953424481031223e-01   4.2376916685621685e-02   8.9205487312785525e-01   8.5255342550344115e-02  -5.5081843898301597e-01   6.8705992342670441e-02   6.2519448863225255e+00
  -4.5053013565180960e-01   4.2334169677831719e-02   8.9156453798264390e-01   8.5169685242980409e-02  -5.4982572164897514e-01   6.8722621234799441e-02   6.2519396160826304e+00
  -4.5152600478450294e-01   4.2291298017114218e-02   8.9107283643688595e-01   8.5083776335759281e-02  -5.4883304182752646e-01   6.8739074247529619e-02   6.2519343536527821e+00
  -4.5252185412934143e-01   4.2248314263470879e-02   8.9057976471613920e-01   8.4997641095656842e-02  -5.4784039566633624e-01   6.8755371470149082e-02   6.2519290990162837e+00
  -4.5351768355878080e-01   4.2205217743807089e-02   8.9008532068603963e-01   8.4911278167300791e-02  -5.4684778341728468e-01   6.8771511402924979e-02   6.2519238521566232e+00
  -4.5451349009256897e-01   4.2161989431259754e-02   8.8958950451471608e-01   8.4824649266655144e-02  -5.4585521104780987e-01   6.8787462412358585e-02   6.2519186130573576e+00
  -4.5550927624511794e-01   4.2118645688389314e-02   8.8909231190991278e-01   8.4737787312143958e-02  -5.4486267351643825e-01   6.8803250866694338e-02   6.2519133817020442e+00
  -4.5650504354314186e-01   4.2075196481517696e-02   8.8859373936041886e-01   8.4650712352301732e-02  -5.4387016776067054e-01   6.8818892742361110e-02   6.2519081580742979e+00
  -4.5750078922066717e-01   4.2031624185798887e-02   8.8809378683166684e-01   8.4563388926493177e-02  -5.4287769931852758e-01   6.8834358640858143e-02   6.2519029421578445e+00
  -4.5849651569972810e-01   4.1987944513074207e-02   8.8759245006037213e-01   8.4475848643382187e-02  -5.4188526333364917e-01   6.8849674008211140e-02   6.2518977339363397e+00
  -4.5949221988450639e-01   4.1944137757977853e-02   8.8708972926476970e-01   8.4388051853712578e-02  -5.4089286600487207e-01   6.8864805918564698e-02   6.2518925333936073e+00
  -4.6048790403271711e-01   4.1900218564569332e-02   8.8658562028953869e-01   8.4300028018700346e-02  -5.3990050280505464e-01   6.8879778090387228e-02   6.2518873405132274e+00
  -4.6148356667256807e-01   4.1856177663560021e-02   8.8608012200957387e-01   8.4211758487114791e-02  -5.3890817667926605e-01   6.8894574763398220e-02   6.2518821552793238e+00
  -4.6247920791625613e-01   4.1812015943557615e-02   8.8557323199667470e-01   8.4123245044401815e-02  -5.3791588739887708e-01   6.8909196940024592e-02   6.2518769776756509e+00
  -4.6347482508396504e-01   4.1767716452581719e-02   8.8506495009984554e-01   8.4034453580500795e-02  -5.3692364032940620e-01   6.8923616008349967e-02   6.2518718076862001e+00
  -4.6447042528177696e-01   4.1723324766036976e-02   8.8455526813142038e-01   8.3945475791332116e-02  -5.3593142122937165e-01   6.8937907155967426e-02   6.2518666452948146e+00
  -4.6546600523087428e-01   4.1678820069870413e-02   8.8404418640080873e-01   8.3856269796445351e-02  -5.3493923666433763e-01   6.8952035449500682e-02   6.2518614904857142e+00
  -4.6646156048577431e-01   4.1634174178644998e-02   8.8353170617942922e-01   8.3766778884631965e-02  -5.3394709553741815e-01   6.8965953492678145e-02   6.2518563432427934e+00
  -4.6745709645164446e-01   4.1589421736127903e-02   8.8301782062494694e-01   8.3677072756960513e-02  -5.3295498701503130e-01   6.8979718494076622e-02   6.2518512035502019e+00
  -4.6845260855329718e-01   4.1544533760419958e-02   8.8250253109796239e-01   8.3587093098958828e-02  -5.3196292026004566e-01   6.8993281643362575e-02   6.2518460713922863e+00
  -4.6944810077347521e-01   4.1499535782351243e-02   8.8198583189305535e-01   8.3496891277139662e-02  -5.3097088728882536e-01   6.9006685084225375e-02   6.2518409467530418e+00
  -4.7044357484690086e-01   4.1454438969017397e-02   8.8146771913569022e-01   8.3406489757998914e-02  -5.2997888462188336e-01   6.9019947115343649e-02   6.2518358296167964e+00
  -4.7143902517172148e-01   4.1409207869845296e-02   8.8094819501089228e-01   8.3315817211590218e-02  -5.2898692347901410e-01   6.9033007934335172e-02   6.2518307199677654e+00
  -4.7243445687547780e-01   4.1363875216528845e-02   8.8042725281300493e-01   8.3224939492557382e-02  -5.2799499358280522e-01   6.9045921946370603e-02   6.2518256177903160e+00
  -4.7342986644793594e-01   4.1318418880853219e-02   8.7990489297724572e-01   8.3133812076206376e-02  -5.2700310196247802e-01   6.9058651579956401e-02   6.2518205230688952e+00
  -4.7442525328193530e-01   4.1272835191637519e-02   8.7938111352686243e-01   8.3042427574311933e-02  -5.2601124983044911e-01   6.9071190150066408e-02   6.2518154357878917e+00
  -4.7542062223476278e-01   4.1227155077762770e-02   8.7885590792331214e-01   8.2950848215143369e-02  -5.2501942745080055e-01   6.9083589275686808e-02   6.2518103559316680e+00
  -4.7641596724817631e-01   4.1181340336388199e-02   8.7832927869743693e-01   8.2858997128872736e-02  -5.2402764695776993e-01   6.9095784130074084e-02   6.2518052834849369e+00
  -4.7741129128726967e-01   4.1135409906870424e-02   8.7780122085851475e-01   8.2766912420742356e-02  -5.2303590240650710e-01   6.9107806148763079e-02   6.2518002184319803e+00
  -4.7840659519718393e-01   4.1089369282506866e-02   8.7727173116242951e-01   8.2674605142911500e-02  -5.2204419209967201e-01   6.9119664173254103e-02   6.2517951607576236e+00
  -4.7940187946949225e-01   4.1043221708998795e-02   8.7674080664462362e-01   8.2582081823276338e-02  -5.2105251504819927e-01   6.9131363280157537e-02   6.2517901104464020e+00
  -4.8039714066810324e-01   4.0996945660601060e-02   8.7620844761683248e-01   8.2489299147388090e-02  -5.2006087813278790e-01   6.9142866534350311e-02   6.2517850674829889e+00
  -4.8139238001194062e-01   4.0950549002580716e-02   8.7567465048609372e-01   8.2396272938543236e-02  -5.1906927890699417e-01   6.9154186753173641e-02   6.2517800318520589e+00
  -4.8238760023010213e-01   4.0904049082727566e-02   8.7513941037128862e-01   8.2303038100992099e-02  -5.1807771189867102e-01   6.9165352957292120e-02   6.2517750035384090e+00
  -4.8338279989856481e-01   4.0857437071923207e-02   8.7460272586098597e-01   8.2209576867102646e-02  -5.1708617995683492e-01   6.9176349720005220e-02   6.2517699825268886e+00
  -4.8437798055824299e-01   4.0810722803963431e-02   8.7406459303778183e-01   8.2115909022426214e-02  -5.1609467999005221e-01   6.9187193374315142e-02   6.2517649688024601e+00
  -4.8537313687582062e-01   4.0763872910673557e-02   8.7352501376402059e-01   8.2021967422093833e-02  -5.1510322268007969e-01   6.9197826538262008e-02   6.2517599623496327e+00
  -4.8636826892236723e-01   4.0716888041905042e-02   8.7298398534580501e-01   8.1927753371553516e-02  -5.1411180788047994e-01   6.9208249718456058e-02   6.2517549631536422e+00
  -4.8736338234299403e-01   4.0669803796080713e-02   8.7244150036080892e-01   8.1833338498429581e-02  -5.1312042427620386e-01   6.9218523282133973e-02   6.2517499711994775e+00
  -4.8835847100023733e-01   4.0622581838911480e-02   8.7189756132680041e-01   8.1738645665383663e-02  -5.1212908416048253e-01   6.9228581120926946e-02   6.2517449864719401e+00
  -4.8935353945917720e-01   4.0575250958125822e-02   8.7135216169902041e-01   8.1643732795840918e-02  -5.1113777838210739e-01   6.9238472044215002e-02   6.2517400089562152e+00
  -4.9034858916779916e-01   4.0527820354025315e-02   8.7080529754465275e-01   8.1548618400937717e-02  -5.1014650403570017e-01   6.9248211439462110e-02   6.2517350386372712e+00
  -4.9134361448532377e-01   4.0480254886446930e-02   8.7025697093803833e-01   8.1453231770075421e-02  -5.0915527241919234e-01   6.9257738430663934e-02   6.2517300755004941e+00
  -4.9233861899223247e-01   4.0432577121329097e-02   8.6970717611366144e-01   8.1357618306835938e-02  -5.0816407635418959e-01   6.9267091308690049e-02   6.2517251195307288e+00
  -4.9333360067920135e-01   4.0384774666791343e-02   8.6915591204085341e-01   8.1261753075269560e-02  -5.0717291986243529e-01   6.9276248220741229e-02   6.2517201707135399e+00
  -4.9432856337115166e-01   4.0336871555312952e-02   8.6860317270323761e-01   8.1165684431191210e-02  -5.0618179527578178e-01   6.9285250162200093e-02   6.2517152290338736e+00
  -4.9532350329217789e-01   4.0288844378989636e-02   8.6804895854991793e-01   8.1069365270162813e-02  -5.0519071015547612e-01   6.9294056229939699e-02   6.2517102944771779e+00
  -4.9631842259408698e-01   4.0240706714140317e-02   8.6749326495840018e-01   8.0972822908765396e-02  -5.0419966018579032e-01   6.9302689407711199e-02   6.2517053670288023e+00
  -4.9731332085221136e-01   4.0192456062028717e-02   8.6693608949060375e-01   8.0876052318331268e-02  -5.0320864621307837e-01   6.9311144904591337e-02   6.2517004466740760e+00
  -4.9830819674615584e-01   4.0144084366184586e-02   8.6637743046360227e-01   8.0779037282927207e-02  -5.0221767087871150e-01   6.9319408242524777e-02   6.2516955333984621e+00
  -4.9930305165891004e-01   4.0095600387529934e-02   8.6581728386275714e-01   8.0681795431039427e-02  -5.0122673140724683e-01   6.9327494136176643e-02   6.2516906271872168e+00
  -5.0029788232514050e-01   4.0046984004586700e-02   8.6525564965214585e-01   8.0584286270673863e-02  -5.0023583433681873e-01   6.9335367049641633e-02   6.2516857280262110e+00
  -5.0129269396656684e-01   3.9998267804746739e-02   8.6469252048280065e-01   8.0486575372827912e-02  -4.9924496920045952e-01   6.9343083226116403e-02   6.2516808359006424e+00
  -5.0228748250081356e-01   3.9949426603999888e-02   8.6412789699419545e-01   8.0388612059821118e-02  -4.9825414417335451e-01   6.9350598275584291e-02   6.2516759507961313e+00
  -5.0328225126778792e-01   3.9900481267742247e-02   8.6356177341683660e-01   8.0290438315495219e-02  -4.9726335255898341e-01   6.9357948133439123e-02   6.2516710726984099e+00
  -5.0427699881536325e-01   3.9851422939450293e-02   8.6299414809599617e-01   8.0192036316850054e-02  -4.9627259726240452e-01   6.9365116861375933e-02   6.2516662015931095e+00
  -5.0527172302276513e-01   3.9802238655824149e-02   8.6242501994738929e-01   8.0093379974700146e-02  -4.9528188252842625e-01   6.9372081229695182e-02   6.2516613374658307e+00
  -5.0626642539963984e-01   3.9752937926485973e-02   8.6185438473192477e-01   7.9994488423324989e-02  -4.9429120532768378e-01   6.9378857362089763e-02   6.2516564803024366e+00
  -5.0726110653594769e-01   3.9703524553445446e-02   8.6128223898649070e-01   7.9895369312474707e-02  -4.9330056447359882e-01   6.9385451430993075e-02   6.2516516300885474e+00
  -5.0825576671248351e-01   3.9654000419092041e-02   8.6070857949917290e-01   7.9796026426413452e-02  -4.9230995939872157e-01   6.9391866259318327e-02   6.2516467868100625e+00
  -5.0925040264623234e-01   3.9604345430728188e-02   8.6013340614312050e-01   7.9696419330704815e-02  -4.9131939667684388e-01   6.9398065929831276e-02   6.2516419504528287e+00
  -5.1024501631034958e-01   3.9554571935414964e-02   8.5955671420839774e-01   7.9596572869133575e-02  -4.9032887234961176e-01   6.9404071623468844e-02   6.2516371210027666e+00
  -5.1123961075284929e-01   3.9504698860044402e-02   8.5897849802087245e-01   7.9496525126719425e-02  -4.8933838030506344e-01   6.9409916273528174e-02   6.2516322984456814e+00
  -5.1223417937785687e-01   3.9454685754239445e-02   8.5839876030802487e-01   7.9396194701474632e-02  -4.8834793375471958e-01   6.9415527840491292e-02   6.2516274827674820e+00
  -5.1322872893115845e-01   3.9404574292468665e-02   8.5781749213123504e-01   7.9295665455222264e-02  -4.8735751917725950e-01   6.9420979528997617e-02   6.2516226739543317e+00
  -5.1422325605520636e-01   3.9354343972661458e-02   8.5723469336112024e-01   7.9194896127931902e-02  -4.8636714329554609e-01   6.9426234532048783e-02   6.2516178719921953e+00
  -5.1521775965623884e-01   3.9303988247618792e-02   8.5665036188041965e-01   7.9093873541494192e-02  -4.8537680829641550e-01   6.9431280657004490e-02   6.2516130768671543e+00
  -5.1621224265905652e-01   3.9253525232705172e-02   8.5606449202767665e-01   7.8992634149580021e-02  -4.8438650831465802e-01   6.9436149561152585e-02   6.2516082885653415e+00
  -5.1720670129534108e-01   3.9202931976448328e-02   8.5547708400259936e-01   7.8891131761909983e-02  -4.8339625089615612e-01   6.9440799849868132e-02   6.2516035070729066e+00
  -5.1820113886955255e-01   3.9152228901719328e-02   8.5488813177200251e-01   7.8789407475769624e-02  -4.8240602941474353e-01   6.9445267348433148e-02   6.2515987323758608e+00
  -5.1919555652397709e-01   3.9101423142611620e-02   8.5429763117788871e-01   7.8687475645323357e-02  -4.8141584157681000e-01   6.9449564318839724e-02   6.2515939644607368e+00
  -5.2018995213205899e-01   3.9050501826552869e-02   8.5370558092893634e-01   7.8585310364164440e-02  -4.8042569163855886e-01   6.9453667272353553e-02   6.2515892033135572e+00
  -5.2118432417960980e-01   3.8999455860960930e-02   8.5311197918503967e-01   7.8482893331696585e-02  -4.7943558262910846e-01   6.9457559368236749e-02   6.2515844489206200e+00
  -5.2217867584025490e-01   3.8948304797277095e-02   8.5251681994128314e-01   7.8380263891807384e-02  -4.7844550818445258e-01   6.9461275099309217e-02   6.2515797012683896e+00
  -5.2317300225348906e-01   3.8897019122388514e-02   8.5192010428988652e-01   7.8277362648904864e-02  -4.7745547803893706e-01   6.9464760941206002e-02   6.2515749603431505e+00
  -5.2416730835413738e-01   3.8845629114351923e-02   8.5132182462494299e-01   7.8174250533401976e-02  -4.7646548229925695e-01   6.9468070715197866e-02   6.2515702261313688e+00
  -5.2516159136100193e-01   3.8794117968441677e-02   8.5072198016417844e-01   7.8070893724107387e-02  -4.7547552653347225e-01   6.9471173661698915e-02   6.2515654986193629e+00
  -5.2615585275761778e-01   3.8742494882684553e-02   8.5012056632163757e-01   7.7967310730279155e-02  -4.7448560776380294e-01   6.9474085794385174e-02   6.2515607777937969e+00
  -5.2715009222468856e-01   3.8690758065120540e-02   8.4951758009448042e-01   7.7863497944092391e-02  -4.7349572662503758e-01   6.9476803349321645e-02   6.2515560636410399e+00
  -5.2814430752573482e-01   3.8638894080308642e-02   8.4891302017652837e-01   7.7759428323313146e-02  -4.7250588759353618e-01   6.9479301462124082e-02   6.2515513561476146e+00
  -5.2913850404044860e-01   3.8586935777724457e-02   8.4830687843982633e-01   7.7655167975707734e-02  -4.7151607988448957e-01   6.9481639038461523e-02   6.2515466553002250e+00
  -5.3013267609851900e-01   3.8534848863104015e-02   8.4769915661242556e-01   7.7550647882136559e-02  -4.7052631485478924e-01   6.9483753424585501e-02   6.2515419610854197e+00
  -5.3112682607296269e-01   3.8482647912094131e-02   8.4708984921480390e-01   7.7445897373995626e-02  -4.6953658774441176e-01   6.9485670456672755e-02   6.2515372734899222e+00
  -5.3212095209493937e-01   3.8430321756948355e-02   8.4647895454892885e-01   7.7340893973794664e-02  -4.6854690229284562e-01   6.9487369252783981e-02   6.2515325925003662e+00
  -5.3311505797567726e-01   3.8377893650197725e-02   8.4586646579660107e-01   7.7235684475329164e-02  -4.6755725085802885e-01   6.9488891560632565e-02   6.2515279181034922e+00
  -5.3410914256688236e-01   3.8325356772835648e-02   8.4525238057025942e-01   7.7130255154025995e-02  -4.6656763573565352e-01   6.9490224468558681e-02   6.2515232502860449e+00
  -5.3510320470142825e-01   3.8272704213925646e-02   8.4463669648591511e-01   7.7024592098548839e-02  -4.6557805925919987e-01   6.9491354823601248e-02   6.2515185890349034e+00
  -5.3609724282359261e-01   3.8219926735084821e-02   8.4401941149775261e-01   7.6918676714134049e-02  -4.6458852454069233e-01   6.9492265139840928e-02   6.2515139343368267e+00
  -5.3709125939143176e-01   3.8167039353005222e-02   8.4340051991660137e-01   7.6812539219821618e-02  -4.6359902664952457e-01   6.9492982297377923e-02   6.2515092861786634e+00
  -5.3808525236805049e-01   3.8114029926918258e-02   8.4278002009500153e-01   7.6706155180593122e-02  -4.6260956966166539e-01   6.9493483475443096e-02   6.2515046445473432e+00
  -5.3907922394444685e-01   3.8060911836134623e-02   8.4215790653919986e-01   7.6599551520435349e-02  -4.6162014918166450e-01   6.9493792638657875e-02   6.2515000094299005e+00
  -5.4007317073755923e-01   3.8007664850272613e-02   8.4153417878992476e-01   7.6492687522147468e-02  -4.6063077198302366e-01   6.9493872014612573e-02   6.2514953808132772e+00
  -5.4106709430381250e-01   3.7954298524123464e-02   8.4090883189104360e-01   7.6385582412757946e-02  -4.5964143494156390e-01   6.9493738528191726e-02   6.2514907586842936e+00
  -5.4206099792694529e-01   3.7900832770055772e-02   8.4028185928477150e-01   7.6278276266597667e-02  -4.5865213147187234e-01   6.9493428324127943e-02   6.2514861430302027e+00
  -5.4305487914030115e-01   3.7847252890557459e-02   8.3965325962307835e-01   7.6170739500248330e-02  -4.5766286651117516e-01   6.9492913764594266e-02   6.2514815338380219e+00
  -5.4404873486182825e-01   3.7793540536021117e-02   8.3902303211257190e-01   7.6062935182390032e-02  -4.5667364622984641e-01   6.9492160296859520e-02   6.2514769310948219e+00
  -5.4504256893141589e-01   3.7739718941700237e-02   8.3839116962221294e-01   7.5954910073280008e-02  -4.5568446292793280e-01   6.9491210270004072e-02   6.2514723347878212e+00
  -5.4603638032174917e-01   3.7685782093588013e-02   8.3775766944039742e-01   7.5846652066710180e-02  -4.5469531865836249e-01   6.9490051969312128e-02   6.2514677449041152e+00
  -5.4703016980591002e-01   3.7631734782481850e-02   8.3712252718761093e-01   7.5738170803143517e-02  -4.5370621186658844e-01   6.9488693704694460e-02   6.2514631614309799e+00
  -5.4802393670500560e-01   3.7577573091208460e-02   8.3648573979467189e-01   7.5629458396590798e-02  -4.5271714390718237e-01   6.9487127619547118e-02   6.2514585843556345e+00
  -5.4901768127358452e-01   3.7523298699782784e-02   8.3584730331525059e-01   7.5520518226710742e-02  -4.5172811426452425e-01   6.9485356250541933e-02   6.2514540136653975e+00
  -5.5001140180771713e-01   3.7468901576281965e-02   8.3520721558571609e-01   7.5411330100300850e-02  -4.5073912634725988e-01   6.9483360279029141e-02   6.2514494493475610e+00
  -5.5100510114562240e-01   3.7414398848944541e-02   8.3456547023853955e-01   7.5301928488304581e-02  -4.4975017446239929e-01   6.9481171065777086e-02   6.2514448913894967e+00
  -5.5199877582089718e-01   3.7359769967451946e-02   8.3392206669563951e-01   7.5192272027251261e-02  -4.4876126555040124e-01   6.9478749592350314e-02   6.2514403397785046e+00
  -5.5299242838197615e-01   3.7305030311943738e-02   8.3327699881050965e-01   7.5082391670946422e-02  -4.4777239449861100e-01   6.9476124001274911e-02   6.2514357945019752e+00
  -5.5398605868028972e-01   3.7250179147856805e-02   8.3263026289972919e-01   7.4972285938073341e-02  -4.4678356159908350e-01   6.9473292331534764e-02   6.2514312555474945e+00
  -5.5497966312092806e-01   3.7195195218326961e-02   8.3198185845744765e-01   7.4861912043223844e-02  -4.4579477404966700e-01   6.9470214014375212e-02   6.2514267229024973e+00
  -5.5597324755238520e-01   3.7140113523005086e-02   8.3133177619900245e-01   7.4751340428436508e-02  -4.4480602012486103e-01   6.9466954208203258e-02   6.2514221965544738e+00
  -5.5696680605356430e-01   3.7084898975532972e-02   8.3068001773955780e-01   7.4640500472619220e-02  -4.4381731168390726e-01   6.9463446248261326e-02   6.2514176764909610e+00
  -5.5796034593908306e-01   3.7029595236251434e-02   8.3002657236815647e-01   7.4529480049119440e-02  -4.4282863406329592e-01   6.9459771836286516e-02   6.2514131626995484e+00
  -5.5895386109474088e-01   3.6974166103673906e-02   8.2937144184594147e-01   7.4418206293612441e-02  -4.4183999950902464e-01   6.9455862073280916e-02   6.2514086551679213e+00
  -5.5994735202768708e-01   3.6918614770143049e-02   8.2871462175472510e-01   7.4306685628424324e-02  -4.4085140699893655e-01   6.9451722289650825e-02   6.2514041538835547e+00
  -5.6094082089813968e-01   3.6862954218323349e-02   8.2805610610368285e-01   7.4194944181815450e-02  -4.3986285219820176e-01   6.9447376422728135e-02   6.2513996588342851e+00
  -5.6193426528322288e-01   3.6807170241380992e-02   8.2739589316366824e-01   7.4082953355939798e-02  -4.3887433995584701e-01   6.9442796889007119e-02   6.2513951700077364e+00
  -5.6292768161886420e-01   3.6751241917836894e-02   8.2673398226648176e-01   7.3970671040931010e-02  -4.3788587740778268e-01   6.9437943171775873e-02   6.2513906873916634e+00
  -5.6392108158873355e-01   3.6695238587673894e-02   8.2607035840557652e-01   7.3858236797320870e-02  -4.3689744113510931e-01   6.9432946513688074e-02   6.2513862109738731e+00
  -5.6491445775947324e-01   3.6639116381599918e-02   8.2540502448545683e-01   7.3745562326531761e-02  -4.3590904602718883e-01   6.9427722886197946e-02   6.2513817407421373e+00
  -5.6590781203560880e-01   3.6582886718736524e-02   8.2473797462297604e-01   7.3632670609296486e-02  -4.3492068826138780e-01   6.9422293430680501e-02   6.2513772766842886e+00
  -5.6690114446637274e-01   3.6526550032846342e-02   8.2406920465258682e-01   7.3519562517068496e-02  -4.3393236773277194e-01   6.9416658389726715e-02   6.2513728187882123e+00
  -5.6789445149673989e-01   3.6470085498808341e-02   8.2339871379235496e-01   7.3406196131636500e-02  -4.3294409155900404e-01   6.9410777259313106e-02   6.2513683670417652e+00
  -5.6888773495554057e-01   3.6413504083944191e-02   8.2272649615755056e-01   7.3292593524976135e-02  -4.3195585606893588e-01   6.9404670325694390e-02   6.2513639214330414e+00
  -5.6988099576515172e-01   3.6356811385259813e-02   8.2205254668837913e-01   7.3178765960345171e-02  -4.3096765940785431e-01   6.9398347672150043e-02   6.2513594819497138e+00
  -5.7087423374473578e-01   3.6300006490123056e-02   8.2137686134316523e-01   7.3064711599745660e-02  -4.2997950193170270e-01   6.9391806910733100e-02   6.2513550485800709e+00
  -5.7186744619765262e-01   3.6243073695671202e-02   8.2069943844916782e-01   7.2950398832519914e-02  -4.2899138903789275e-01   6.9385017119393488e-02   6.2513506213120049e+00
  -5.7286063509335394e-01   3.6186024764080532e-02   8.2002027187871740e-01   7.2835851333633239e-02  -4.2800331677343262e-01   6.9378000233246528e-02   6.2513462001334457e+00
  -5.7385380470713376e-01   3.6128884962743066e-02   8.1933935326931895e-01   7.2721119958424812e-02  -4.2701527656421356e-01   6.9370804432464711e-02   6.2513417850326984e+00
  -5.7484695098940830e-01   3.6071630638560725e-02   8.1865668216082677e-01   7.2606157096336027e-02  -4.2602727651891142e-01   6.9363383439440679e-02   6.2513373759978288e+00
