   1.0479999999999949e+00   0.0000000000000000e+00   7.5463767488516020e-02   0.0000000000000000e+00   3.7935113747480725e-01   0.0000000000000000e+00   3.1570077312640970e+00
   1.0489999999999950e+00   0.0000000000000000e+00   7.5396880620254722e-02   0.0000000000000000e+00   3.7633741099510837e-01   0.0000000000000000e+00   3.1628021647463185e+00
   1.0499999999999952e+00   0.0000000000000000e+00   7.5315589896059632e-02   0.0000000000000000e+00   3.7334140782229247e-01   0.0000000000000000e+00   3.1684939885016212e+00
   1.0509999999999953e+00   0.0000000000000000e+00   7.5219926524921280e-02   0.0000000000000000e+00   3.7036228506646585e-01   0.0000000000000000e+00   3.1740861665861679e+00
   1.0519999999999954e+00   0.0000000000000000e+00   7.5109912111510468e-02   0.0000000000000000e+00   3.6739923651026474e-01   0.0000000000000000e+00   3.1795815304737514e+00
   1.0529999999999955e+00   0.0000000000000000e+00   7.4985558412272765e-02   0.0000000000000000e+00   3.6445149076554939e-01   0.0000000000000000e+00   3.1849827990875874e+00
   1.0539999999999956e+00   0.0000000000000000e+00   7.4846867477126516e-02   0.0000000000000000e+00   3.6151830896357362e-01   0.0000000000000000e+00   3.1902925821671611e+00
   1.0549999999999957e+00   0.0000000000000000e+00   7.4693831689479656e-02   0.0000000000000000e+00   3.5859898271217233e-01   0.0000000000000000e+00   3.1955133859258842e+00
   1.0559999999999958e+00   0.0000000000000000e+00   7.4526433772417244e-02   0.0000000000000000e+00   3.5569283220141573e-01   0.0000000000000000e+00   3.2006476183295414e+00
   1.0569999999999959e+00   0.0000000000000000e+00   7.4344646761164007e-02   0.0000000000000000e+00   3.5279920444454504e-01   0.0000000000000000e+00   3.2056975940272889e+00
   1.0579999999999961e+00   0.0000000000000000e+00   7.4148433941627803e-02   0.0000000000000000e+00   3.4991747164254428e-01   0.0000000000000000e+00   3.2106655389619569e+00
   1.0589999999999962e+00   0.0000000000000000e+00   7.3937748754580868e-02   0.0000000000000000e+00   3.4704702966165446e-01   0.0000000000000000e+00   3.2155535946857978e+00
   1.0599999999999963e+00   0.0000000000000000e+00   7.3712534664739607e-02   0.0000000000000000e+00   3.4418729661429620e-01   0.0000000000000000e+00   3.2203638224033631e+00
   1.0609999999999964e+00   0.0000000000000000e+00   7.3472724993702221e-02   0.0000000000000000e+00   3.4133771153472431e-01   0.0000000000000000e+00   3.2250982067634073e+00
   1.0619999999999965e+00   0.0000000000000000e+00   7.3218242715426540e-02   0.0000000000000000e+00   3.3849773314157455e-01   0.0000000000000000e+00   3.2297586594178052e+00
   1.0629999999999966e+00   0.0000000000000000e+00   7.2949000212582341e-02   0.0000000000000000e+00   3.3566683868010599e-01   0.0000000000000000e+00   3.2343470223650765e+00
   1.0639999999999967e+00   0.0000000000000000e+00   7.2664898991755433e-02   0.0000000000000000e+00   3.3284452283775373e-01   0.0000000000000000e+00   3.2388650710945264e+00
   1.0649999999999968e+00   0.0000000000000000e+00   7.2365829355116582e-02   0.0000000000000000e+00   3.3003029672707868e-01   0.0000000000000000e+00   3.2433145175446039e+00
   1.0659999999999969e+00   0.0000000000000000e+00   7.2051670025750997e-02   0.0000000000000000e+00   3.2722368693063064e-01   0.0000000000000000e+00   3.2476970128896272e+00
   1.0669999999999971e+00   0.0000000000000000e+00   7.1722287723357855e-02   0.0000000000000000e+00   3.2442423460298281e-01   0.0000000000000000e+00   3.2520141501659197e+00
   1.0679999999999972e+00   0.0000000000000000e+00   7.1377536686529422e-02   0.0000000000000000e+00   3.2163149462533086e-01   0.0000000000000000e+00   3.2562674667494913e+00
   1.0689999999999973e+00   0.0000000000000000e+00   7.1017258137238304e-02   0.0000000000000000e+00   3.1884503480859872e-01   0.0000000000000000e+00   3.2604584466934186e+00
   1.0699999999999974e+00   0.0000000000000000e+00   7.0641279682511326e-02   0.0000000000000000e+00   3.1606443514130278e-01   0.0000000000000000e+00   3.2645885229381255e+00
   1.0709999999999975e+00   0.0000000000000000e+00   7.0249414647502423e-02   0.0000000000000000e+00   3.1328928707865417e-01   0.0000000000000000e+00   3.2686590793974206e+00
   1.0719999999999976e+00   0.0000000000000000e+00   6.9841461333358501e-02   0.0000000000000000e+00   3.1051919286978386e-01   0.0000000000000000e+00   3.2726714529339818e+00
   1.0729999999999977e+00   0.0000000000000000e+00   6.9417202181496940e-02   0.0000000000000000e+00   3.0775376492318363e-01   0.0000000000000000e+00   3.2766269358665072e+00
   1.0739999999999978e+00   0.0000000000000000e+00   6.8976402900130782e-02   0.0000000000000000e+00   3.0499262518914760e-01   0.0000000000000000e+00   3.2805267751985476e+00
   1.0749999999999980e+00   0.0000000000000000e+00   6.8518811382045214e-02   0.0000000000000000e+00   3.0223540460361298e-01   0.0000000000000000e+00   3.2843721780828132e+00
   1.0759999999999981e+00   0.0000000000000000e+00   6.8044156616279439e-02   0.0000000000000000e+00   2.9948174252773346e-01   0.0000000000000000e+00   3.2881643109000658e+00
   1.0769999999999982e+00   0.0000000000000000e+00   6.7552147420197120e-02   0.0000000000000000e+00   2.9673128622917427e-01   0.0000000000000000e+00   3.2919043013888110e+00
   1.0779999999999983e+00   0.0000000000000000e+00   6.7042471040573440e-02   0.0000000000000000e+00   2.9398369038367705e-01   0.0000000000000000e+00   3.2955932400764545e+00
   1.0789999999999984e+00   0.0000000000000000e+00   6.6514791595365039e-02   0.0000000000000000e+00   2.9123861659826078e-01   0.0000000000000000e+00   3.2992321816349977e+00
   1.0799999999999985e+00   0.0000000000000000e+00   6.5968748335567040e-02   0.0000000000000000e+00   2.8849573295438885e-01   0.0000000000000000e+00   3.3028221461705276e+00
   1.0809999999999986e+00   0.0000000000000000e+00   6.5403953703229600e-02   0.0000000000000000e+00   2.8575471356946902e-01   0.0000000000000000e+00   3.3063641204469514e+00
   1.0819999999999987e+00   0.0000000000000000e+00   6.4819991157677351e-02   0.0000000000000000e+00   2.8301523817512397e-01   0.0000000000000000e+00   3.3098590590483643e+00
   1.0829999999999989e+00   0.0000000000000000e+00   6.4216412737140474e-02   0.0000000000000000e+00   2.8027699171091564e-01   0.0000000000000000e+00   3.3133078854848024e+00
   1.0839999999999990e+00   0.0000000000000000e+00   6.3592736317332282e-02   0.0000000000000000e+00   2.7753966393204643e-01   0.0000000000000000e+00   3.3167114932426851e+00
   1.0849999999999991e+00   0.0000000000000000e+00   6.2948442521444520e-02   0.0000000000000000e+00   2.7480294902989505e-01   0.0000000000000000e+00   3.3200707467836796e+00
   1.0859999999999992e+00   0.0000000000000000e+00   6.2282971227671534e-02   0.0000000000000000e+00   2.7206654526409763e-01   0.0000000000000000e+00   3.3233864824942172e+00
   1.0869999999999993e+00   0.0000000000000000e+00   6.1595717610061822e-02   0.0000000000000000e+00   2.6933015460505366e-01   0.0000000000000000e+00   3.3266595095887062e+00
