   9.0000000000000002e-01   0.0000000000000000e+00   2.0065431638307882e-01   0.0000000000000000e+00   1.8407617560136644e-01   0.0000000000000000e+00   1.9194481313989054e+00
   9.0100000000000002e-01   0.0000000000000000e+00   2.0107571919427197e-01   0.0000000000000000e+00   1.8188166917066437e-01   0.0000000000000000e+00   1.9110879880131624e+00
   9.0200000000000002e-01   0.0000000000000000e+00   2.0150766051840965e-01   0.0000000000000000e+00   1.7966691146742847e-01   0.0000000000000000e+00   1.9029545331945656e+00
   9.0300000000000002e-01   0.0000000000000000e+00   2.0195111990586442e-01   0.0000000000000000e+00   1.7743174418423177e-01   0.0000000000000000e+00   1.8950540036040282e+00
   9.0400000000000003e-01   0.0000000000000000e+00   2.0240714644131599e-01   0.0000000000000000e+00   1.7517597859639791e-01   0.0000000000000000e+00   1.8873931306798550e+00
   9.0500000000000003e-01   0.0000000000000000e+00   2.0287686850829520e-01   0.0000000000000000e+00   1.7289939255812437e-01   0.0000000000000000e+00   1.8799791983200711e+00
   9.0600000000000003e-01   0.0000000000000000e+00   2.0336150505028483e-01   0.0000000000000000e+00   1.7060172687624697e-01   0.0000000000000000e+00   1.8728201095591215e+00
   9.0700000000000003e-01   0.0000000000000000e+00   2.0386237864310316e-01   0.0000000000000000e+00   1.6828268093766913e-01   0.0000000000000000e+00   1.8659244643282979e+00
   9.0800000000000003e-01   0.0000000000000000e+00   2.0438093077405198e-01   0.0000000000000000e+00   1.6594190743694706e-01   0.0000000000000000e+00   1.8593016505656961e+00
   9.0900000000000003e-01   0.0000000000000000e+00   2.0491873981721428e-01   0.0000000000000000e+00   1.6357900601255407e-01   0.0000000000000000e+00   1.8529619515399078e+00
   9.1000000000000003e-01   0.0000000000000000e+00   2.0547754233428434e-01   0.0000000000000000e+00   1.6119351554398628e-01   0.0000000000000000e+00   1.8469166730539905e+00
   9.1100000000000003e-01   0.0000000000000000e+00   2.0605925849843518e-01   0.0000000000000000e+00   1.5878490479457907e-01   0.0000000000000000e+00   1.8411782951552316e+00
   9.1200000000000003e-01   0.0000000000000000e+00   2.0666602267861842e-01   0.0000000000000000e+00   1.5635256098856176e-01   0.0000000000000000e+00   1.8357606543698510e+00
   9.1300000000000003e-01   0.0000000000000000e+00   2.0730022053540681e-01   0.0000000000000000e+00   1.5389577578502714e-01   0.0000000000000000e+00   1.8306791642581977e+00
   9.1400000000000003e-01   0.0000000000000000e+00   2.0796453441824594e-01   0.0000000000000000e+00   1.5141372793516825e-01   0.0000000000000000e+00   1.8259510845930327e+00
   9.1500000000000004e-01   0.0000000000000000e+00   2.0866199945656741e-01   0.0000000000000000e+00   1.4890546166688956e-01   0.0000000000000000e+00   1.8215958528905569e+00
   9.1600000000000004e-01   0.0000000000000000e+00   2.0939607359640933e-01   0.0000000000000000e+00   1.4636985949496037e-01   0.0000000000000000e+00   1.8176354968780417e+00
   9.1700000000000004e-01   0.0000000000000000e+00   2.1017072606490711e-01   0.0000000000000000e+00   1.4380560765894057e-01   0.0000000000000000e+00   1.8140951534329546e+00
   9.1800000000000004e-01   0.0000000000000000e+00   2.1099055053874427e-01   0.0000000000000000e+00   1.4121115166731099e-01   0.0000000000000000e+00   1.8110037296252524e+00
   9.1900000000000004e-01   0.0000000000000000e+00   2.1186091198983956e-01   0.0000000000000000e+00   1.3858463833659204e-01   0.0000000000000000e+00   1.8083947566176357e+00
   9.2000000000000004e-01   0.0000000000000000e+00   2.1278814028815293e-01   0.0000000000000000e+00   1.3592383905315084e-01   0.0000000000000000e+00   1.8063075101207813e+00
   9.2100000000000004e-01   0.0000000000000000e+00   2.1377979008748119e-01   0.0000000000000000e+00   1.3322604637470220e-01   0.0000000000000000e+00   1.8047885070684941e+00
   9.2200000000000004e-01   0.0000000000000000e+00   2.1484499694590933e-01   0.0000000000000000e+00   1.3048793186084065e-01   0.0000000000000000e+00   1.8038935460379624e+00
   9.2300000000000004e-01   0.0000000000000000e+00   2.1599497712751733e-01   0.0000000000000000e+00   1.2770534590775656e-01   0.0000000000000000e+00   1.8036905562594003e+00
   9.2400000000000004e-01   0.0000000000000000e+00   2.1724374813622938e-01   0.0000000000000000e+00   1.2487302840474233e-01   0.0000000000000000e+00   1.8042636808329926e+00
   9.2500000000000004e-01   0.0000000000000000e+00   2.1860920384574278e-01   0.0000000000000000e+00   1.2198417567519687e-01   0.0000000000000000e+00   1.8057193400932086e+00
   9.2600000000000005e-01   0.0000000000000000e+00   2.2011478047058922e-01   0.0000000000000000e+00   1.1902976782978894e-01   0.0000000000000000e+00   1.8081955700156154e+00
   9.2700000000000005e-01   0.0000000000000000e+00   2.2179216843993696e-01   0.0000000000000000e+00   1.1599747099447395e-01   0.0000000000000000e+00   1.8118771392083000e+00
   9.2800000000000005e-01   0.0000000000000000e+00   2.2368600252891940e-01   0.0000000000000000e+00   1.1286973413564151e-01   0.0000000000000000e+00   1.8170215416775601e+00
   9.2900000000000005e-01   0.0000000000000000e+00   2.2586264162713779e-01   0.0000000000000000e+00   1.0962021791507423e-01   0.0000000000000000e+00   1.8240073682943347e+00
   9.3000000000000005e-01   0.0000000000000000e+00   2.2842847373729289e-01   0.0000000000000000e+00   1.0620633178200423e-01   0.0000000000000000e+00   1.8334345528950855e+00
   9.3100000000000005e-01   0.0000000000000000e+00   2.3157456772378188e-01   0.0000000000000000e+00   1.0255098725578912e-01   0.0000000000000000e+00   1.8463674012072511e+00
   9.3200000000000005e-01   0.0000000000000000e+00   2.3571752330932547e-01   0.0000000000000000e+00   9.8484904312962210e-02   0.0000000000000000e+00   1.8650962608331889e+00
   9.3300000000000005e-01   0.0000000000000000e+00   2.4227309119687002e-01   0.0000000000000000e+00   9.3428900672340470e-02   0.0000000000000000e+00   1.8972901460724159e+00
