   9.8706846346667010e-01   0.0000000000000000e+00   1.7298715392312997e-02   0.0000000000000000e+00   1.1505147320125002e+00   0.0000000000000000e+00   1.7614771663295190e+00
   9.8706848984906992e-01   0.0000000000000000e+00   1.7522694136836998e-02   0.0000000000000000e+00   1.1428294435244506e+00   0.0000000000000000e+00   1.7671772974027893e+00
   9.8706891472562630e-01   0.0000000000000000e+00   1.7074736647788996e-02   0.0000000000000000e+00   1.1583502182260026e+00   0.0000000000000000e+00   1.7557566661541177e+00
   9.8706900000000020e-01   0.0000000000000000e+00   1.7746672881360556e-02   0.0000000000000000e+00   1.1352895779772478e+00   0.0000000000000000e+00   1.7728575325813167e+00
   9.8706900000000397e-01   0.0000000000000000e+00   1.7746672881361000e-02   0.0000000000000000e+00   1.1352895779783629e+00   0.0000000000000000e+00   1.7728575320035054e+00
   9.8706983745059551e-01   0.0000000000000000e+00   1.6850757903264995e-02   0.0000000000000000e+00   1.1663408972022020e+00   0.0000000000000000e+00   1.7500153068480326e+00
   9.8707000000000011e-01   0.0000000000000000e+00   1.7970651625885053e-02   0.0000000000000000e+00   1.1278905683732621e+00   0.0000000000000000e+00   1.7785183172963990e+00
   9.8707000000000455e-01   0.0000000000000000e+00   1.7970651625885001e-02   0.0000000000000000e+00   1.1278905683744649e+00   0.0000000000000000e+00   1.7785183174789678e+00
   9.8707100000000003e-01   0.0000000000000000e+00   1.8128181104104999e-02   0.0000000000000000e+00   1.1227686776887149e+00   0.0000000000000000e+00   1.7824882733519061e+00
   9.8707122541598336e-01   0.0000000000000000e+00   1.6626779158740994e-02   0.0000000000000000e+00   1.1744919974956214e+00   0.0000000000000000e+00   1.7442525777321618e+00
   9.8707199999999995e-01   0.0000000000000000e+00   1.8256820324606869e-02   0.0000000000000000e+00   1.1186351726185351e+00   0.0000000000000000e+00   1.7857232699528760e+00
   9.8707307234388553e-01   0.0000000000000000e+00   1.6402800414216993e-02   0.0000000000000000e+00   1.1828089954561518e+00   0.0000000000000000e+00   1.7384679462946695e+00
   9.8707394597939979e-01   0.0000000000000000e+00   1.8462645368398006e-02   0.0000000000000000e+00   1.1121111679934006e+00   0.0000000000000000e+00   1.7908866842648559e+00
   9.8707537190214778e-01   0.0000000000000000e+00   1.6178821669692992e-02   0.0000000000000000e+00   1.1912976306577492e+00   0.0000000000000000e+00   1.7326608592313948e+00
   9.8707578746733682e-01   0.0000000000000000e+00   1.8625286564733005e-02   0.0000000000000000e+00   1.1070322697732884e+00   0.0000000000000000e+00   1.7949559360262106e+00
   9.8707789960750025e-01   0.0000000000000000e+00   1.8787927761068003e-02   0.0000000000000000e+00   1.1020191413544758e+00   0.0000000000000000e+00   1.7990157839528438e+00
   9.8707811770139864e-01   0.0000000000000000e+00   1.5954842925168990e-02   0.0000000000000000e+00   1.1999639221685494e+00   0.0000000000000000e+00   1.7268307319716130e+00
   9.8708028465274833e-01   0.0000000000000000e+00   1.8950568957403029e-02   0.0000000000000000e+00   1.0970703589503468e+00   0.0000000000000000e+00   1.8030663718825437e+00
   9.8708028465275255e-01   0.0000000000000000e+00   1.8950568957403002e-02   0.0000000000000000e+00   1.0970703589513506e+00   0.0000000000000000e+00   1.8030663731501582e+00
   9.8708130329389809e-01   0.0000000000000000e+00   1.5730864180644989e-02   0.0000000000000000e+00   1.2088141867842519e+00   0.0000000000000000e+00   1.7209769607654790e+00
   9.8708294484580272e-01   0.0000000000000000e+00   1.9113210153738028e-02   0.0000000000000000e+00   1.0921845410095512e+00   0.0000000000000000e+00   1.8071078398199301e+00
   9.8708294484580750e-01   0.0000000000000000e+00   1.9113210153738000e-02   0.0000000000000000e+00   1.0921845410105335e+00   0.0000000000000000e+00   1.8071078410559231e+00
   9.8708492217040467e-01   0.0000000000000000e+00   1.5506885436120988e-02   0.0000000000000000e+00   1.2178550580022602e+00   0.0000000000000000e+00   1.7150989121832521e+00
   9.8708588241957163e-01   0.0000000000000000e+00   1.9275851350073026e-02   0.0000000000000000e+00   1.0873603466115038e+00   0.0000000000000000e+00   1.8111403240734363e+00
   9.8708896775789345e-01   0.0000000000000000e+00   1.5282906691596987e-02   0.0000000000000000e+00   1.2270935068719975e+00   0.0000000000000000e+00   1.7091959236515313e+00
   9.8708909959715208e-01   0.0000000000000000e+00   1.9438492546408025e-02   0.0000000000000000e+00   1.0825964738727203e+00   0.0000000000000000e+00   1.8151639554735564e+00
   9.8709259859339016e-01   0.0000000000000000e+00   1.9601133742743023e-02   0.0000000000000000e+00   1.0778916587397187e+00   0.0000000000000000e+00   1.8191788672013820e+00
   9.8709343341699340e-01   0.0000000000000000e+00   1.5058927947072986e-02   0.0000000000000000e+00   1.2365368644715895e+00   0.0000000000000000e+00   1.7032673016447946e+00
   9.8709343341699551e-01   0.0000000000000000e+00   1.5058927947073000e-02   0.0000000000000000e+00   1.2365368644727488e+00   0.0000000000000000e+00   1.7032673033533614e+00
   9.8709638161331625e-01   0.0000000000000000e+00   1.9763774939078022e-02   0.0000000000000000e+00   1.0732446732121215e+00   0.0000000000000000e+00   1.8231851832834201e+00
   9.8709831243931279e-01   0.0000000000000000e+00   1.4834949202548985e-02   0.0000000000000000e+00   1.2461928462422669e+00   0.0000000000000000e+00   1.6973123197417375e+00
   9.8709831243931556e-01   0.0000000000000000e+00   1.4834949202549000e-02   0.0000000000000000e+00   1.2461928462434690e+00   0.0000000000000000e+00   1.6973123215264723e+00
   9.8710045085368903e-01   0.0000000000000000e+00   1.9926416135413020e-02   0.0000000000000000e+00   1.0686543242670519e+00   0.0000000000000000e+00   1.8271830265057019e+00
   9.8710359804465786e-01   0.0000000000000000e+00   1.4610970458025001e-02   0.0000000000000000e+00   1.2560695783648785e+00   0.0000000000000000e+00   1.6913302165243331e+00
   9.8710480850298055e-01   0.0000000000000000e+00   2.0089057331748018e-02   0.0000000000000000e+00   1.0641194525221942e+00   0.0000000000000000e+00   1.8311725165634964e+00
   9.8710928337812798e-01   0.0000000000000000e+00   1.4386991713501001e-02   0.0000000000000000e+00   1.2661756263841863e+00   0.0000000000000000e+00   1.6853201933122828e+00
   9.8710945674166639e-01   0.0000000000000000e+00   2.0251698528083017e-02   0.0000000000000000e+00   1.0596389310195040e+00   0.0000000000000000e+00   1.8351537701658953e+00
   9.8711439774251009e-01   0.0000000000000000e+00   2.0414339724418015e-02   0.0000000000000000e+00   1.0552116640622613e+00   0.0000000000000000e+00   1.8391269011389226e+00
   9.8711536150708368e-01   0.0000000000000000e+00   1.4163012968977002e-02   0.0000000000000000e+00   1.2765200263109977e+00   0.0000000000000000e+00   1.6792814117148342e+00
   9.8711963367084465e-01   0.0000000000000000e+00   2.0576980920753014e-02   0.0000000000000000e+00   1.0508365861026969e+00   0.0000000000000000e+00   1.8430920205218511e+00
   9.8712182541797577e-01   0.0000000000000000e+00   1.3939034224453003e-02   0.0000000000000000e+00   1.2871123184597888e+00   0.0000000000000000e+00   1.6732129909784148e+00
   9.8712516668485095e-01   0.0000000000000000e+00   2.0739622117088012e-02   0.0000000000000000e+00   1.0465126606776332e+00   0.0000000000000000e+00   1.8470492366621643e+00
   9.8712866801303456e-01   0.0000000000000000e+00   1.3715055479929003e-02   0.0000000000000000e+00   1.2979625843108373e+00   0.0000000000000000e+00   1.6671140051147271e+00
   9.8713099893582923e-01   0.0000000000000000e+00   2.0902263313423011e-02   0.0000000000000000e+00   1.0422388793896875e+00   0.0000000000000000e+00   1.8509986553033708e+00
   9.8713588210678815e-01   0.0000000000000000e+00   1.3491076735405004e-02   0.0000000000000000e+00   1.3090814867217802e+00   0.0000000000000000e+00   1.6609834797837362e+00
   9.8713713256846836e-01   0.0000000000000000e+00   2.1064904509758009e-02   0.0000000000000000e+00   1.0380142609317549e+00   0.0000000000000000e+00   1.8549403796739501e+00
   9.8714346042242718e-01   0.0000000000000000e+00   1.3267097990881004e-02   0.0000000000000000e+00   1.3204803138544139e+00   0.0000000000000000e+00   1.6548203889095527e+00
   9.8714346042242929e-01   0.0000000000000000e+00   1.3267097990881001e-02   0.0000000000000000e+00   1.3204803138559942e+00   0.0000000000000000e+00   1.6548203913770403e+00
   9.8714356972111272e-01   0.0000000000000000e+00   2.1227545706093007e-02   0.0000000000000000e+00   1.0338378501526382e+00   0.0000000000000000e+00   1.8588745105676621e+00
   9.8715031252602115e-01   0.0000000000000000e+00   2.1390186902428006e-02   0.0000000000000000e+00   1.0297087171617332e+00   0.0000000000000000e+00   1.8628011464250378e+00
   9.8715139558797294e-01   0.0000000000000000e+00   1.3043119246357005e-02   0.0000000000000000e+00   1.3321710272294811e+00   0.0000000000000000e+00   1.6486236509966845e+00
   9.8715139558797538e-01   0.0000000000000000e+00   1.3043119246357000e-02   0.0000000000000000e+00   1.3321710272311285e+00   0.0000000000000000e+00   1.6486236535883441e+00
   9.8715736310963009e-01   0.0000000000000000e+00   2.1552828098763004e-02   0.0000000000000000e+00   1.0256259564709174e+00   0.0000000000000000e+00   1.8667203834082513e+00
   9.8715968013235933e-01   0.0000000000000000e+00   1.2819140501832998e-02   0.0000000000000000e+00   1.3441663144479972e+00   0.0000000000000000e+00   1.6423921278427631e+00
   9.8716472359280449e-01   0.0000000000000000e+00   2.1715469295098003e-02   0.0000000000000000e+00   1.0215886861717736e+00   0.0000000000000000e+00   1.8706323154765170e+00
   9.8716830648081322e-01   0.0000000000000000e+00   1.2595161757308997e-02   0.0000000000000000e+00   1.3564796466788924e+00   0.0000000000000000e+00   1.6361246094066129e+00
   9.8717239609109220e-01   0.0000000000000000e+00   2.1878110491433022e-02   0.0000000000000000e+00   1.0175960471464718e+00   0.0000000000000000e+00   1.8745370344549022e+00
   9.8717239609110063e-01   0.0000000000000000e+00   2.1878110491433001e-02   0.0000000000000000e+00   1.0175960471476411e+00   0.0000000000000000e+00   1.8745370358035613e+00
   9.8717726695097496e-01   0.0000000000000000e+00   1.2371183012784996e-02   0.0000000000000000e+00   1.3691253425770200e+00   0.0000000000000000e+00   1.6298198249574942e+00
   9.8718038271497466e-01   0.0000000000000000e+00   2.2040751687768020e-02   0.0000000000000000e+00   1.0136472023106728e+00   0.0000000000000000e+00   1.8784346301037727e+00
   9.8718038271498365e-01   0.0000000000000000e+00   2.2040751687768000e-02   0.0000000000000000e+00   1.0136472023118206e+00   0.0000000000000000e+00   1.8784346314232048e+00
   9.8718655374781505e-01   0.0000000000000000e+00   1.2147204268260995e-02   0.0000000000000000e+00   1.3821186379052144e+00   0.0000000000000000e+00   1.6234764273542832e+00
   9.8718655374781639e-01   0.0000000000000000e+00   1.2147204268261000e-02   0.0000000000000000e+00   1.3821186379063526e+00   0.0000000000000000e+00   1.6234764292491080e+00
   9.8718868557011297e-01   0.0000000000000000e+00   2.2203392884103019e-02   0.0000000000000000e+00   1.0097413358869580e+00   0.0000000000000000e+00   1.8823251901837350e+00
   9.8719615895875734e-01   0.0000000000000000e+00   1.1923225523737001e-02   0.0000000000000000e+00   1.3954757626890473e+00   0.0000000000000000e+00   1.6170929919001313e+00
   9.8719730675758921e-01   0.0000000000000000e+00   2.2366034080438017e-02   0.0000000000000000e+00   1.0058776527072970e+00   0.0000000000000000e+00   1.8862088005184852e+00
   9.8720607454842413e-01   0.0000000000000000e+00   1.1699246779213001e-02   0.0000000000000000e+00   1.4092140263684361e+00   0.0000000000000000e+00   1.6106680000549407e+00
   9.8720624837415316e-01   0.0000000000000000e+00   2.2528675276773016e-02   0.0000000000000000e+00   1.0020553775432268e+00   0.0000000000000000e+00   1.8900855450559246e+00
   9.8721551251245709e-01   0.0000000000000000e+00   2.2691316473108014e-02   0.0000000000000000e+00   9.9827375446242561e-01   0.0000000000000000e+00   1.8939555059260675e+00
   9.8721629235308772e-01   0.0000000000000000e+00   1.1475268034689002e-02   0.0000000000000000e+00   1.4233519120590241e+00   0.0000000000000000e+00   1.6041998525055696e+00
   9.8722510126129603e-01   0.0000000000000000e+00   2.2853957669443013e-02   0.0000000000000000e+00   9.9453204621047886e-01   0.0000000000000000e+00   1.8978187634975601e+00
   9.8722680407475172e-01   0.0000000000000000e+00   1.1251289290165003e-02   0.0000000000000000e+00   1.4379091810518454e+00   0.0000000000000000e+00   1.5976868415506076e+00
   9.8723501670584013e-01   0.0000000000000000e+00   2.3016598865778011e-02   0.0000000000000000e+00   9.9082953361666570e-01   0.0000000000000000e+00   1.9016753964324942e+00
   9.8723760127489824e-01   0.0000000000000000e+00   1.1027310545641003e-02   0.0000000000000000e+00   1.4529069889405233e+00   0.0000000000000000e+00   1.5911271526820863e+00
   9.8724526092786935e-01   0.0000000000000000e+00   2.3179240062113009e-02   0.0000000000000000e+00   9.8716551502266003e-01   0.0000000000000000e+00   1.9055254817378648e+00
   9.8724867536782002e-01   0.0000000000000000e+00   1.0803331801117004e-02   0.0000000000000000e+00   1.4683680149069609e+00   0.0000000000000000e+00   1.5845188532829018e+00
   9.8725583600600464e-01   0.0000000000000000e+00   2.3341881258448008e-02   0.0000000000000000e+00   9.8353930573314230e-01   0.0000000000000000e+00   1.9093690948162205e+00
   9.8726001761352500e-01   0.0000000000000000e+00   1.0579353056593004e-02   0.0000000000000000e+00   1.4843166059755220e+00   0.0000000000000000e+00   1.5778598823209453e+00
   9.8726674401593584e-01   0.0000000000000000e+00   2.3504522454783006e-02   0.0000000000000000e+00   9.7995023748729704e-01   0.0000000000000000e+00   1.9132063095143468e+00
   9.8727161911016692e-01   0.0000000000000000e+00   1.0355374312069005e-02   0.0000000000000000e+00   1.5007789383268595e+00   0.0000000000000000e+00   1.5711480389054970e+00
   9.8727798703065062e-01   0.0000000000000000e+00   2.3667163651118005e-02   0.0000000000000000e+00   9.7639765795028166e-01   0.0000000000000000e+00   1.9170371981704133e+00
   9.8728347078595646e-01   0.0000000000000000e+00   1.0131395567545005e-02   0.0000000000000000e+00   1.5177831981086700e+00   0.0000000000000000e+00   1.5643809695547588e+00
   9.8728956712065807e-01   0.0000000000000000e+00   2.3829804847453003e-02   0.0000000000000000e+00   9.7288093022377886e-01   0.0000000000000000e+00   1.9208618316588832e+00
   9.8729556339056490e-01   0.0000000000000000e+00   9.9074168230210060e-03   0.0000000000000000e+00   1.5353597846707514e+00   0.0000000000000000e+00   1.5575561573977974e+00
   9.8730148635421888e-01   0.0000000000000000e+00   2.3992446043787974e-02   0.0000000000000000e+00   9.6939943237478166e-01   0.0000000000000000e+00   1.9246802794345208e+00
   9.8730148635422832e-01   0.0000000000000000e+00   2.3992446043788002e-02   0.0000000000000000e+00   9.6939943237570780e-01   0.0000000000000000e+00   1.9246802804592829e+00
   9.8730788748560727e-01   0.0000000000000000e+00   9.6834380784970066e-03   0.0000000000000000e+00   1.5535415390931577e+00   0.0000000000000000e+00   1.5506708929450981e+00
   9.8731374679694617e-01   0.0000000000000000e+00   2.4155087240122976e-02   0.0000000000000000e+00   9.6595255692241588e-01   0.0000000000000000e+00   1.9284926079559621e+00
   9.8731374679696149e-01   0.0000000000000000e+00   2.4155087240123000e-02   0.0000000000000000e+00   9.6595255692392024e-01   0.0000000000000000e+00   1.9284926095740849e+00
   9.8732043343503639e-01   0.0000000000000000e+00   9.4594593339730072e-03   0.0000000000000000e+00   1.5723640031017379e+00   0.0000000000000000e+00   1.5437222760277720e+00
   9.8732635051448758e-01   0.0000000000000000e+00   2.4317728436457978e-02   0.0000000000000000e+00   9.6253971063951083e-01   0.0000000000000000e+00   1.9322988872318634e+00
   9.8733319139417963e-01   0.0000000000000000e+00   9.2354805894490077e-03   0.0000000000000000e+00   1.5918657114701873e+00   0.0000000000000000e+00   1.5367071828841627e+00
   9.8733319139418085e-01   0.0000000000000000e+00   9.2354805894490008e-03   0.0000000000000000e+00   1.5918657114714561e+00   0.0000000000000000e+00   1.5367071853275032e+00
   9.8733929956906707e-01   0.0000000000000000e+00   2.4480369632792980e-02   0.0000000000000000e+00   9.5916031377194544e-01   0.0000000000000000e+00   1.9360991810535699e+00
   9.8734615129824987e-01   0.0000000000000000e+00   9.0115018449250083e-03   0.0000000000000000e+00   1.6120885245518048e+00   0.0000000000000000e+00   1.5296222468504863e+00
   9.8734615129825087e-01   0.0000000000000000e+00   9.0115018449249996e-03   0.0000000000000000e+00   1.6120885245531509e+00   0.0000000000000000e+00   1.5296222494694238e+00
   9.8735259602215530e-01   0.0000000000000000e+00   2.4643010829127981e-02   0.0000000000000000e+00   9.5581379987351212e-01   0.0000000000000000e+00   1.9398935536039861e+00
   9.8735930284985707e-01   0.0000000000000000e+00   8.7875231004009985e-03   0.0000000000000000e+00   1.6330780070297790e+00   0.0000000000000000e+00   1.5224638329562714e+00
   9.8736624193407085e-01   0.0000000000000000e+00   2.4805652025462983e-02   0.0000000000000000e+00   9.5249961535424521e-01   0.0000000000000000e+00   1.9436820678431697e+00
   9.8737263550550103e-01   0.0000000000000000e+00   8.5635443558769973e-03   0.0000000000000000e+00   1.6548838607788474e+00   0.0000000000000000e+00   1.5152280091435617e+00
   9.8738023936420394e-01   0.0000000000000000e+00   2.4968293221797985e-02   0.0000000000000000e+00   9.4921721910319468e-01   0.0000000000000000e+00   1.9474647855442637e+00
   9.8738613846092271e-01   0.0000000000000000e+00   8.3395656113529962e-03   0.0000000000000000e+00   1.6775604212204485e+00   0.0000000000000000e+00   1.5079105135620263e+00
   9.8739459037123112e-01   0.0000000000000000e+00   2.5130934418132987e-02   0.0000000000000000e+00   9.4596608212460986e-01   0.0000000000000000e+00   1.9512417673268363e+00
   9.8739980063516519e-01   0.0000000000000000e+00   8.1155868668289950e-03   0.0000000000000000e+00   1.7011672284819399e+00   0.0000000000000000e+00   1.5005067172932620e+00
   9.8740929701333013e-01   0.0000000000000000e+00   2.5293575614467989e-02   0.0000000000000000e+00   9.4274568718698071e-01   0.0000000000000000e+00   1.9550130726915089e+00
   9.8741361065327427e-01   0.0000000000000000e+00   7.8916081223049939e-03   0.0000000000000000e+00   1.7257696871407169e+00   0.0000000000000000e+00   1.4930115855100887e+00
   9.8742436134839839e-01   0.0000000000000000e+00   2.5456216810802991e-02   0.0000000000000000e+00   9.3955552848438539e-01   0.0000000000000000e+00   1.9587787600509432e+00
   9.8742755682711958e-01   0.0000000000000000e+00   7.6676293777809927e-03   0.0000000000000000e+00   1.7514398307642622e+00   0.0000000000000000e+00   1.4854196136356912e+00
   9.8743978543426336e-01   0.0000000000000000e+00   2.5618858007137993e-02   0.0000000000000000e+00   9.3639511130967390e-01   0.0000000000000000e+00   1.9625388867613462e+00
   9.8744162713492878e-01   0.0000000000000000e+00   7.4436506332569916e-03   0.0000000000000000e+00   1.7782572128268173e+00   0.0000000000000000e+00   1.4777247928365218e+00
   9.8745557132890238e-01   0.0000000000000000e+00   2.5781499203472995e-02   0.0000000000000000e+00   9.3326395173893928e-01   0.0000000000000000e+00   1.9662935091527318e+00
   9.8745580919826836e-01   0.0000000000000000e+00   7.2196718887329904e-03   0.0000000000000000e+00   1.8063099476023747e+00   0.0000000000000000e+00   1.4699205304465337e+00
   9.8747009025695076e-01   0.0000000000000000e+00   6.9956931442089892e-03   0.0000000000000000e+00   1.8356959332916740e+00   0.0000000000000000e+00   1.4619995776750399e+00
   9.8747172109065140e-01   0.0000000000000000e+00   2.5944140399807997e-02   0.0000000000000000e+00   9.3016157632688556e-01   0.0000000000000000e+00   1.9700426825580732e+00
   9.8748445714125599e-01   0.0000000000000000e+00   6.7717143996849881e-03   0.0000000000000000e+00   1.8665242957109518e+00   0.0000000000000000e+00   1.4539539411333178e+00
   9.8748823677842257e-01   0.0000000000000000e+00   2.6106781596143006e-02   0.0000000000000000e+00   9.2708752181259524e-01   0.0000000000000000e+00   1.9737864613412506e+00
   9.8748823677843967e-01   0.0000000000000000e+00   2.6106781596142999e-02   0.0000000000000000e+00   9.2708752181382836e-01   0.0000000000000000e+00   1.9737864626243795e+00
   9.8749889624113496e-01   0.0000000000000000e+00   6.5477356551609869e-03   0.0000000000000000e+00   1.8989171012602637e+00   0.0000000000000000e+00   1.4457747791008893e+00
   9.8750512045191552e-01   0.0000000000000000e+00   2.6269422792478004e-02   0.0000000000000000e+00   9.2404133483530793e-01   0.0000000000000000e+00   1.9775248989246228e+00
   9.8750512045193273e-01   0.0000000000000000e+00   2.6269422792478000e-02   0.0000000000000000e+00   9.2404133483652184e-01   0.0000000000000000e+00   1.9775249001839783e+00
   9.8751339347193878e-01   0.0000000000000000e+00   6.3237569106369858e-03   0.0000000000000000e+00   1.9330114006255767e+00   0.0000000000000000e+00   1.4374522792650171e+00
   9.8751339347194045e-01   0.0000000000000000e+00   6.3237569106369997e-03   0.0000000000000000e+00   1.9330114006273285e+00   0.0000000000000000e+00   1.4374522833442758e+00
   9.8752237417183053e-01   0.0000000000000000e+00   2.6432063988813002e-02   0.0000000000000000e+00   9.2102257165980417e-01   0.0000000000000000e+00   1.9812580478153698e+00
   9.8752793423614948e-01   0.0000000000000000e+00   6.0997781661129846e-03   0.0000000000000000e+00   1.9689616814425475e+00   0.0000000000000000e+00   1.4289755138701186e+00
   9.8752793423615071e-01   0.0000000000000000e+00   6.0997781661130002e-03   0.0000000000000000e+00   1.9689616814444466e+00   0.0000000000000000e+00   1.4289755183650146e+00
   9.8754000000000031e-01   0.0000000000000000e+00   2.6594705185147810e-02   0.0000000000000000e+00   9.1803079790390130e-01   0.0000000000000000e+00   1.9849859597627479e+00
   9.8754000000001774e-01   0.0000000000000000e+00   2.6594705185148001e-02   0.0000000000000000e+00   9.1803079790514797e-01   0.0000000000000000e+00   1.9849859607321596e+00
   9.8754250338056737e-01   0.0000000000000000e+00   5.8757994215890008e-03   0.0000000000000000e+00   2.0069428303990651e+00   0.0000000000000000e+00   1.4203322720450464e+00
   9.8754900000000034e-01   0.0000000000000000e+00   2.6676449548841158e-02   0.0000000000000000e+00   9.1653717303111959e-01   0.0000000000000000e+00   1.9868576673474554e+00
   9.8755708514767149e-01   0.0000000000000000e+00   5.6518206770650014e-03   0.0000000000000000e+00   2.0471537341842003e+00   0.0000000000000000e+00   1.4115088334743264e+00
   9.8755800000000038e-01   0.0000000000000000e+00   2.6757346381482808e-02   0.0000000000000000e+00   9.1506558831528118e-01   0.0000000000000000e+00   1.9887086853718761e+00
   9.8755800000001714e-01   0.0000000000000000e+00   2.6757346381482999e-02   0.0000000000000000e+00   9.1506558831645979e-01   0.0000000000000000e+00   1.9887086862856733e+00
   9.8756700000000042e-01   0.0000000000000000e+00   2.6837419294729360e-02   0.0000000000000000e+00   9.1361536194824333e-01   0.0000000000000000e+00   1.9905395997007866e+00
   9.8757166312145483e-01   0.0000000000000000e+00   5.4278419325410020e-03   0.0000000000000000e+00   2.0898216903522235e+00   0.0000000000000000e+00   1.4024897467976116e+00
   9.8757600000000045e-01   0.0000000000000000e+00   2.6916690832579766e-02   0.0000000000000000e+00   9.1218584444725015e-01   0.0000000000000000e+00   1.9923509695218344e+00
   9.8758500000000049e-01   0.0000000000000000e+00   2.6995182537572552e-02   0.0000000000000000e+00   9.1077641659598529e-01   0.0000000000000000e+00   1.9941433290058226e+00
   9.8758622016501751e-01   0.0000000000000000e+00   5.2038631880170026e-03   0.0000000000000000e+00   2.1352078503704606e+00   0.0000000000000000e+00   1.3932575074527112e+00
   9.8759400000000053e-01   0.0000000000000000e+00   2.7072915011815218e-02   0.0000000000000000e+00   9.0938648754930929e-01   0.0000000000000000e+00   1.9959171888376637e+00
   9.8760073834967388e-01   0.0000000000000000e+00   4.9798844434930031e-03   0.0000000000000000e+00   2.1836139948701963e+00   0.0000000000000000e+00   1.3837921900409369e+00
   9.8760300000000056e-01   0.0000000000000000e+00   2.7149907973304369e-02   0.0000000000000000e+00   9.0801549308661733e-01   0.0000000000000000e+00   1.9976730376283669e+00
   9.8761200000000060e-01   0.0000000000000000e+00   2.7226180307999628e-02   0.0000000000000000e+00   9.0666289399940969e-01   0.0000000000000000e+00   1.9994113432205216e+00
   9.8761519887340776e-01   0.0000000000000000e+00   4.7559056989690037e-03   0.0000000000000000e+00   2.2353910436836815e+00   0.0000000000000000e+00   1.3740709886199520e+00
   9.8762100000000064e-01   0.0000000000000000e+00   2.7301750118021297e-02   0.0000000000000000e+00   9.0532817460102744e-01   0.0000000000000000e+00   2.0011325538966420e+00
   9.8762958196670125e-01   0.0000000000000000e+00   4.5319269544450043e-03   0.0000000000000000e+00   2.2909498515956637e+00   0.0000000000000000e+00   1.3640676492288670e+00
   9.8763000000000067e-01   0.0000000000000000e+00   2.7376634766323127e-02   0.0000000000000000e+00   9.0401084134738430e-01   0.0000000000000000e+00   2.0028370994980951e+00
   9.8763900000000071e-01   0.0000000000000000e+00   2.7450850925307656e-02   0.0000000000000000e+00   9.0271042137877755e-01   0.0000000000000000e+00   2.0045253913591301e+00
   9.8764386678225724e-01   0.0000000000000000e+00   4.3079482099210049e-03   0.0000000000000000e+00   2.3507750521818922e+00   0.0000000000000000e+00   1.3537517269345574e+00
   9.8764800000000075e-01   0.0000000000000000e+00   2.7524414586503419e-02   0.0000000000000000e+00   9.0142646205983923e-01   0.0000000000000000e+00   2.0061978277186436e+00
   9.8765700000000078e-01   0.0000000000000000e+00   2.7597341139919539e-02   0.0000000000000000e+00   9.0015852878202285e-01   0.0000000000000000e+00   2.0078547879043405e+00
   9.8765803126695217e-01   0.0000000000000000e+00   4.0839694653970054e-03   0.0000000000000000e+00   2.4154430236991233e+00   0.0000000000000000e+00   1.3430876991361675e+00
   9.8766600000000082e-01   0.0000000000000000e+00   2.7669645378205498e-02   0.0000000000000000e+00   8.9890620467518056e-01   0.0000000000000000e+00   2.0094966376723264e+00
   9.8767205200913877e-01   0.0000000000000000e+00   3.8599907208730060e-03   0.0000000000000000e+00   2.4856455085311180e+00   0.0000000000000000e+00   1.3320337630259482e+00
   9.8767500000000086e-01   0.0000000000000000e+00   2.7741341535104571e-02   0.0000000000000000e+00   8.9766908946869794e-01   0.0000000000000000e+00   2.0111237288524348e+00
   9.8768400000000089e-01   0.0000000000000000e+00   2.7812443314524968e-02   0.0000000000000000e+00   8.9644679860205045e-01   0.0000000000000000e+00   2.0127364000756738e+00
   9.8768590405710599e-01   0.0000000000000000e+00   3.6360119763490066e-03   0.0000000000000000e+00   2.5622211188839001e+00   0.0000000000000000e+00   1.3205402979795626e+00
   9.8769300000000093e-01   0.0000000000000000e+00   2.7882963917592655e-02   0.0000000000000000e+00   8.9523896239683387e-01   0.0000000000000000e+00   2.0143349774511328e+00
   9.8769956070018339e-01   0.0000000000000000e+00   3.4120332318250072e-03   0.0000000000000000e+00   2.6461980417041722e+00   0.0000000000000000e+00   1.3085478233338659e+00
   9.8769956070018727e-01   0.0000000000000000e+00   3.4120332318249998e-03   0.0000000000000000e+00   2.6461980417060040e+00   0.0000000000000000e+00   1.3085478292111290e+00
   9.8770000000000102e-01   0.0000000000000000e+00   2.7937419637784941e-02   0.0000000000000000e+00   8.9430929945156012e-01   0.0000000000000000e+00   2.0155687728192375e+00
   9.8770200000000064e-01   0.0000000000000000e+00   2.7952916068076743e-02   0.0000000000000000e+00   8.9404522528135433e-01   0.0000000000000000e+00   2.0159197752021414e+00
   9.8770200000000097e-01   0.0000000000000000e+00   2.7952916067911684e-02   0.0000000000000000e+00   8.9404522528543184e-01   0.0000000000000000e+00   2.0159197761336953e+00
   9.8771100000000056e-01   0.0000000000000000e+00   2.8022312036126911e-02   0.0000000000000000e+00   8.9286524506684062e-01   0.0000000000000000e+00   2.0174910962601311e+00
   9.8771100000000100e-01   0.0000000000000000e+00   2.8022312035965231e-02   0.0000000000000000e+00   8.9286524507082110e-01   0.0000000000000000e+00   2.0174910971703666e+00
   9.8771299320199157e-01   0.0000000000000000e+00   3.1880544873010078e-03   0.0000000000000000e+00   2.7388529742682972e+00   0.0000000000000000e+00   1.2959842502165444e+00
   9.8771299320199701e-01   0.0000000000000000e+00   3.1880544873010000e-03   0.0000000000000000e+00   2.7388529742702969e+00   0.0000000000000000e+00   1.2959842568299575e+00
   9.8772000000000049e-01   0.0000000000000000e+00   2.8091163660507606e-02   0.0000000000000000e+00   8.9169869227033205e-01   0.0000000000000000e+00   2.0190492328205223e+00
   9.8772617047127087e-01   0.0000000000000000e+00   2.9640757427770001e-03   0.0000000000000000e+00   2.8417941243748497e+00   0.0000000000000000e+00   1.2827611149760378e+00
   9.8772900000000041e-01   0.0000000000000000e+00   2.8159482369478229e-02   0.0000000000000000e+00   8.9054524947999980e-01   0.0000000000000000e+00   2.0205944668645714e+00
   9.8773800000000034e-01   0.0000000000000000e+00   2.8227279200383436e-02   0.0000000000000000e+00   8.8940461076037125e-01   0.0000000000000000e+00   2.0221270706496592e+00
   9.8773905864985856e-01   0.0000000000000000e+00   2.7400969982530003e-03   0.0000000000000000e+00   2.9570808233843366e+00   0.0000000000000000e+00   1.2687683083743468e+00
   9.8774700000000026e-01   0.0000000000000000e+00   2.8294564818065061e-02   0.0000000000000000e+00   8.8827648109415114e-01   0.0000000000000000e+00   2.0236473071689858e+00
   9.8775162058850385e-01   0.0000000000000000e+00   2.5161182537290004e-03   0.0000000000000000e+00   3.0874005116114529e+00   0.0000000000000000e+00   1.2538665222447105e+00
   9.8775600000000019e-01   0.0000000000000000e+00   2.8361349532160053e-02   0.0000000000000000e+00   8.8716057585832386e-01   0.0000000000000000e+00   2.0251554305839039e+00
   9.8776381516731526e-01   0.0000000000000000e+00   2.2921395092050005e-03   0.0000000000000000e+00   3.2363387413562461e+00   0.0000000000000000e+00   1.2378761233468860e+00
   9.8776500000000012e-01   0.0000000000000000e+00   2.8427643313399240e-02   0.0000000000000000e+00   8.8605662033142973e-01   0.0000000000000000e+00   2.0266516866311686e+00
   9.8777400000000004e-01   0.0000000000000000e+00   2.8493455808814374e-02   0.0000000000000000e+00   8.8496434923355816e-01   0.0000000000000000e+00   2.0281363137855974e+00
   9.8777400000000026e-01   0.0000000000000000e+00   2.8493455808954949e-02   0.0000000000000000e+00   8.8496434923016198e-01   0.0000000000000000e+00   2.0281363130063967e+00
   9.8777559639524359e-01   0.0000000000000000e+00   2.0681607646810007e-03   0.0000000000000000e+00   3.4088061112146084e+00   0.0000000000000000e+00   1.2205602288388397e+00
   9.8778299999999997e-01   0.0000000000000000e+00   2.8558796356773931e-02   0.0000000000000000e+00   8.8388350627640710e-01   0.0000000000000000e+00   2.0296095404880137e+00
   9.8778300000000019e-01   0.0000000000000000e+00   2.8558796356911855e-02   0.0000000000000000e+00   8.8388350627308243e-01   0.0000000000000000e+00   2.0296095397251532e+00
   9.8779200000000011e-01   0.0000000000000000e+00   2.8623673999814737e-02   0.0000000000000000e+00   8.8281384377130168e-01   0.0000000000000000e+00   2.0310715894622153e+00
   9.8780000000000101e-01   0.0000000000000000e+00   2.8680961493768187e-02   0.0000000000000000e+00   8.8187222490360528e-01   0.0000000000000000e+00   2.0323619803046551e+00
   9.8780100000000004e-01   0.0000000000000000e+00   2.8688097058325805e-02   0.0000000000000000e+00   8.8175512952616120e-01   0.0000000000000000e+00   2.0325226727641299e+00
   9.8780999999999997e-01   0.0000000000000000e+00   2.8752074803756709e-02   0.0000000000000000e+00   8.8070711889614217e-01   0.0000000000000000e+00   2.0339630081752498e+00
   9.8790000000000100e-01   0.0000000000000000e+00   2.9369038392450485e-02   0.0000000000000000e+00   8.7077000460505349e-01   0.0000000000000000e+00   2.0478166912253704e+00
   9.8800000000000099e-01   0.0000000000000000e+00   3.0011568703127857e-02   0.0000000000000000e+00   8.6073451370385878e-01   0.0000000000000000e+00   2.0621766885640915e+00
   9.8800000000000132e-01   0.0000000000000000e+00   3.0011568703400982e-02   0.0000000000000000e+00   8.6073451369853726e-01   0.0000000000000000e+00   2.0621766875091705e+00
   9.8810000000000098e-01   0.0000000000000000e+00   3.0615843702293550e-02   0.0000000000000000e+00   8.5157258959668591e-01   0.0000000000000000e+00   2.0756206801021406e+00
   9.8810000000000098e-01   0.0000000000000000e+00   3.0615843702293550e-02   0.0000000000000000e+00   8.5157258959668591e-01   0.0000000000000000e+00   2.0756206801021406e+00
   9.8900000000000121e-01   0.0000000000000000e+00   3.4963901383394155e-02   0.0000000000000000e+00   7.9239702220306363e-01   0.0000000000000000e+00   2.1707709197609479e+00
   9.9000000000000110e-01   0.0000000000000000e+00   3.8540932055435365e-02   0.0000000000000000e+00   7.5077912453453444e-01   0.0000000000000000e+00   2.2472402969678589e+00
   9.9100000000000099e-01   0.0000000000000000e+00   4.1432138130304698e-02   0.0000000000000000e+00   7.2063363897399002e-01   0.0000000000000000e+00   2.3080646884404494e+00
   9.9200000000000088e-01   0.0000000000000000e+00   4.3892839761003610e-02   0.0000000000000000e+00   6.9692643508740793e-01   0.0000000000000000e+00   2.3592547284984429e+00
   9.9300000000000077e-01   0.0000000000000000e+00   4.6050780867748095e-02   0.0000000000000000e+00   6.7734671927427470e-01   0.0000000000000000e+00   2.4037842936133540e+00
   9.9400000000000066e-01   0.0000000000000000e+00   4.7980563913565477e-02   0.0000000000000000e+00   6.6063752193358249e-01   0.0000000000000000e+00   2.4433744563352193e+00
   9.9500000000000055e-01   0.0000000000000000e+00   4.9730169055755793e-02   0.0000000000000000e+00   6.4603837754922655e-01   0.0000000000000000e+00   2.4791236473498666e+00
   9.9600000000000044e-01   0.0000000000000000e+00   5.1332575896376478e-02   0.0000000000000000e+00   6.3305405117684321e-01   0.0000000000000000e+00   2.5117818554331870e+00
   9.9700000000000033e-01   0.0000000000000000e+00   5.2811586450522037e-02   0.0000000000000000e+00   6.2134405135762150e-01   0.0000000000000000e+00   2.5418871859110475e+00
   9.9800000000000022e-01   0.0000000000000000e+00   5.4185033607437441e-02   0.0000000000000000e+00   6.1066429402535327e-01   0.0000000000000000e+00   2.5698406843268029e+00
   9.9900000000000011e-01   0.0000000000000000e+00   5.5466679385222713e-02   0.0000000000000000e+00   6.0083390005938753e-01   0.0000000000000000e+00   2.5959503960079213e+00
   1.0000000000000000e+00   0.0000000000000000e+00   5.6667402378280447e-02   0.0000000000000000e+00   5.9171515317283985e-01   0.0000000000000000e+00   2.6204588036269745e+00
   1.0000000000000000e+00   0.0000000000000000e+00   5.6667402378991281e-02   0.0000000000000000e+00   5.9171515316763434e-01   0.0000000000000000e+00   2.6204588036156067e+00
   1.0009999999999999e+00   0.0000000000000000e+00   5.7795974460536401e-02   0.0000000000000000e+00   5.8320081583091798e-01   0.0000000000000000e+00   2.6435606975875383e+00
   1.0009999999999999e+00   0.0000000000000000e+00   5.7795974460721079e-02   0.0000000000000000e+00   5.8320081583062700e-01   0.0000000000000000e+00   2.6435606976705959e+00
   1.0019999999999998e+00   0.0000000000000000e+00   5.8859588552317640e-02   0.0000000000000000e+00   5.7520577901126668e-01   0.0000000000000000e+00   2.6654152588551856e+00
   1.0029999999999997e+00   0.0000000000000000e+00   5.9864226823991395e-02   0.0000000000000000e+00   5.6766139170573438e-01   0.0000000000000000e+00   2.6861544956923700e+00
   1.0039999999999996e+00   0.0000000000000000e+00   6.0814926638756754e-02   0.0000000000000000e+00   5.6051148822336616e-01   0.0000000000000000e+00   2.7058892694215446e+00
   1.0049999999999994e+00   0.0000000000000000e+00   6.1715975198213181e-02   0.0000000000000000e+00   5.5370954798739136e-01   0.0000000000000000e+00   2.7247137219585249e+00
   1.0059999999999993e+00   0.0000000000000000e+00   6.2571055666654496e-02   0.0000000000000000e+00   5.4721661718968484e-01   0.0000000000000000e+00   2.7427085819682686e+00
   1.0069999999999992e+00   0.0000000000000000e+00   6.3383358767318917e-02   0.0000000000000000e+00   5.4099975945373457e-01   0.0000000000000000e+00   2.7599436751383202e+00
   1.0079999999999991e+00   0.0000000000000000e+00   6.4155669064030960e-02   0.0000000000000000e+00   5.3503088370236696e-01   0.0000000000000000e+00   2.7764798674107549e+00
   1.0089999999999990e+00   0.0000000000000000e+00   6.4890432667077030e-02   0.0000000000000000e+00   5.2928584367432052e-01   0.0000000000000000e+00   2.7923705879754910e+00
   1.0089999999999990e+00   0.0000000000000000e+00   6.4890432667688944e-02   0.0000000000000000e+00   5.2928584367067111e-01   0.0000000000000000e+00   2.7923705873912850e+00
   1.0099999999999989e+00   0.0000000000000000e+00   6.5589811214360791e-02   0.0000000000000000e+00   5.2374373575306643e-01   0.0000000000000000e+00   2.8076630295116320e+00
   1.0109999999999988e+00   0.0000000000000000e+00   6.6255725468507387e-02   0.0000000000000000e+00   5.1838634504325432e-01   0.0000000000000000e+00   2.8223991141157883e+00
   1.0119999999999987e+00   0.0000000000000000e+00   6.6889889630878066e-02   0.0000000000000000e+00   5.1319770947938226e-01   0.0000000000000000e+00   2.8366162897008529e+00
   1.0129999999999986e+00   0.0000000000000000e+00   6.7493841159376622e-02   0.0000000000000000e+00   5.0816376070768210e-01   0.0000000000000000e+00   2.8503481499277812e+00
   1.0139999999999985e+00   0.0000000000000000e+00   6.8068963833255475e-02   0.0000000000000000e+00   5.0327204062612418e-01   0.0000000000000000e+00   2.8636249778145446e+00
   1.0149999999999983e+00   0.0000000000000000e+00   6.8616508088888264e-02   0.0000000000000000e+00   4.9851146365105148e-01   0.0000000000000000e+00   2.8764741727274652e+00
   1.0159999999999982e+00   0.0000000000000000e+00   6.9137607212598026e-02   0.0000000000000000e+00   4.9387212504893441e-01   0.0000000000000000e+00   2.8889206264239959e+00
   1.0169999999999981e+00   0.0000000000000000e+00   6.9633291597121519e-02   0.0000000000000000e+00   4.8934513879234365e-01   0.0000000000000000e+00   2.9009870270509883e+00
   1.0179999999999980e+00   0.0000000000000000e+00   7.0104501019632434e-02   0.0000000000000000e+00   4.8492250148032406e-01   0.0000000000000000e+00   2.9126941133763213e+00
   1.0189999999999979e+00   0.0000000000000000e+00   7.0552094259042339e-02   0.0000000000000000e+00   4.8059698176538468e-01   0.0000000000000000e+00   2.9240609098087891e+00
   1.0199999999999978e+00   0.0000000000000000e+00   7.0976853194606379e-02   0.0000000000000000e+00   4.7636204288878337e-01   0.0000000000000000e+00   2.9351050140914716e+00
   1.0209999999999977e+00   0.0000000000000000e+00   7.1379504742715774e-02   0.0000000000000000e+00   4.7221170279065977e-01   0.0000000000000000e+00   2.9458424616773335e+00
   1.0219999999999976e+00   0.0000000000000000e+00   7.1760710777590220e-02   0.0000000000000000e+00   4.6814053259516686e-01   0.0000000000000000e+00   2.9562882143214817e+00
   1.0229999999999975e+00   0.0000000000000000e+00   7.2121082313439874e-02   0.0000000000000000e+00   4.6414356179124922e-01   0.0000000000000000e+00   2.9664561069583031e+00
   1.0239999999999974e+00   0.0000000000000000e+00   7.2461182930565637e-02   0.0000000000000000e+00   4.6021623304156561e-01   0.0000000000000000e+00   2.9763589875553893e+00
   1.0249999999999972e+00   0.0000000000000000e+00   7.2781532910149632e-02   0.0000000000000000e+00   4.5635435829077281e-01   0.0000000000000000e+00   2.9860088168299797e+00
   1.0259999999999971e+00   0.0000000000000000e+00   7.3082613223722309e-02   0.0000000000000000e+00   4.5255407933838038e-01   0.0000000000000000e+00   2.9954167477446103e+00
   1.0269999999999970e+00   0.0000000000000000e+00   7.3364869022911991e-02   0.0000000000000000e+00   4.4881183362782873e-01   0.0000000000000000e+00   3.0045931959386984e+00
   1.0279999999999969e+00   0.0000000000000000e+00   7.3628712282361883e-02   0.0000000000000000e+00   4.4512432568132448e-01   0.0000000000000000e+00   3.0135479132318879e+00
   1.0289999999999968e+00   0.0000000000000000e+00   7.3874524665805130e-02   0.0000000000000000e+00   4.4148850030138903e-01   0.0000000000000000e+00   3.0222900400887691e+00
   1.0299999999999967e+00   0.0000000000000000e+00   7.4102659818431255e-02   0.0000000000000000e+00   4.3790151978182429e-01   0.0000000000000000e+00   3.0308281586466324e+00
   1.0309999999999966e+00   0.0000000000000000e+00   7.4313445460253424e-02   0.0000000000000000e+00   4.3436074358906474e-01   0.0000000000000000e+00   3.0391703388653699e+00
   1.0319999999999965e+00   0.0000000000000000e+00   7.4507185255454050e-02   0.0000000000000000e+00   4.3086371034174370e-01   0.0000000000000000e+00   3.0473241798739101e+00
   1.0329999999999964e+00   0.0000000000000000e+00   7.4684160454869572e-02   0.0000000000000000e+00   4.2740812185769533e-01   0.0000000000000000e+00   3.0552968479820315e+00
   1.0339999999999963e+00   0.0000000000000000e+00   7.4844631513747720e-02   0.0000000000000000e+00   4.2399182856477041e-01   0.0000000000000000e+00   3.0630951066392775e+00
   1.0349999999999961e+00   0.0000000000000000e+00   7.4988839255685516e-02   0.0000000000000000e+00   4.2061281717843463e-01   0.0000000000000000e+00   3.0707253518363631e+00
   1.0359999999999960e+00   0.0000000000000000e+00   7.5117006200032602e-02   0.0000000000000000e+00   4.1726919894661763e-01   0.0000000000000000e+00   3.0781936359371143e+00
   1.0369999999999959e+00   0.0000000000000000e+00   7.5229337616096251e-02   0.0000000000000000e+00   4.1395919944386717e-01   0.0000000000000000e+00   3.0855056932994627e+00
   1.0379999999999958e+00   0.0000000000000000e+00   7.5326022498032982e-02   0.0000000000000000e+00   4.1068114931376520e-01   0.0000000000000000e+00   3.0926669627631078e+00
   1.0389999999999957e+00   0.0000000000000000e+00   7.5407234441239812e-02   0.0000000000000000e+00   4.0743347591714618e-01   0.0000000000000000e+00   3.0996826081192692e+00
   1.0399999999999956e+00   0.0000000000000000e+00   7.5473132429909259e-02   0.0000000000000000e+00   4.0421469578180791e-01   0.0000000000000000e+00   3.1065575367787677e+00
   1.0409999999999955e+00   0.0000000000000000e+00   7.5523861544121329e-02   0.0000000000000000e+00   4.0102340776330753e-01   0.0000000000000000e+00   3.1132964168282746e+00
   1.0419999999999954e+00   0.0000000000000000e+00   7.5559553593811876e-02   0.0000000000000000e+00   3.9785828683794494e-01   0.0000000000000000e+00   3.1199036926423833e+00
   1.0429999999999953e+00   0.0000000000000000e+00   7.5580327685971616e-02   0.0000000000000000e+00   3.9471807845907214e-01   0.0000000000000000e+00   3.1263835991969673e+00
   1.0439999999999952e+00   0.0000000000000000e+00   7.5586290730644934e-02   0.0000000000000000e+00   3.9160159341640083e-01   0.0000000000000000e+00   3.1327401752144244e+00
   1.0449999999999950e+00   0.0000000000000000e+00   7.5577537890553395e-02   0.0000000000000000e+00   3.8850770314540040e-01   0.0000000000000000e+00   3.1389772752545091e+00
   1.0459999999999949e+00   0.0000000000000000e+00   7.5554152978547687e-02   0.0000000000000000e+00   3.8543533544016589e-01   0.0000000000000000e+00   3.1450985808528520e+00
   1.0469999999999948e+00   0.0000000000000000e+00   7.5516208806518798e-02   0.0000000000000000e+00   3.8238347052870386e-01   0.0000000000000000e+00   3.1511076107973826e+00
   1.0479999999999947e+00   0.0000000000000000e+00   7.5463767488909997e-02   0.0000000000000000e+00   3.7935113747427707e-01   0.0000000000000000e+00   3.1570077306222983e+00
   1.0479999999999949e+00   0.0000000000000000e+00   7.5463767488516020e-02   0.0000000000000000e+00   3.7935113747480725e-01   0.0000000000000000e+00   3.1570077312640970e+00
   1.0489999999999950e+00   0.0000000000000000e+00   7.5396880620254722e-02   0.0000000000000000e+00   3.7633741099510837e-01   0.0000000000000000e+00   3.1628021647463185e+00
   1.0499999999999952e+00   0.0000000000000000e+00   7.5315589896059632e-02   0.0000000000000000e+00   3.7334140782229247e-01   0.0000000000000000e+00   3.1684939885016212e+00
   1.0509999999999953e+00   0.0000000000000000e+00   7.5219926524921280e-02   0.0000000000000000e+00   3.7036228506646585e-01   0.0000000000000000e+00   3.1740861665861679e+00
   1.0519999999999954e+00   0.0000000000000000e+00   7.5109912111510468e-02   0.0000000000000000e+00   3.6739923651026474e-01   0.0000000000000000e+00   3.1795815304737514e+00
   1.0529999999999955e+00   0.0000000000000000e+00   7.4985558412272765e-02   0.0000000000000000e+00   3.6445149076554939e-01   0.0000000000000000e+00   3.1849827990875874e+00
   1.0539999999999956e+00   0.0000000000000000e+00   7.4846867477126516e-02   0.0000000000000000e+00   3.6151830896357362e-01   0.0000000000000000e+00   3.1902925821671611e+00
   1.0549999999999957e+00   0.0000000000000000e+00   7.4693831689479656e-02   0.0000000000000000e+00   3.5859898271217233e-01   0.0000000000000000e+00   3.1955133859258842e+00
   1.0559999999999958e+00   0.0000000000000000e+00   7.4526433772417244e-02   0.0000000000000000e+00   3.5569283220141573e-01   0.0000000000000000e+00   3.2006476183295414e+00
   1.0569999999999959e+00   0.0000000000000000e+00   7.4344646761164007e-02   0.0000000000000000e+00   3.5279920444454504e-01   0.0000000000000000e+00   3.2056975940272889e+00
   1.0579999999999961e+00   0.0000000000000000e+00   7.4148433941627803e-02   0.0000000000000000e+00   3.4991747164254428e-01   0.0000000000000000e+00   3.2106655389619569e+00
   1.0589999999999962e+00   0.0000000000000000e+00   7.3937748754580868e-02   0.0000000000000000e+00   3.4704702966165446e-01   0.0000000000000000e+00   3.2155535946857978e+00
   1.0599999999999963e+00   0.0000000000000000e+00   7.3712534664739607e-02   0.0000000000000000e+00   3.4418729661429620e-01   0.0000000000000000e+00   3.2203638224033631e+00
   1.0609999999999964e+00   0.0000000000000000e+00   7.3472724993702221e-02   0.0000000000000000e+00   3.4133771153472431e-01   0.0000000000000000e+00   3.2250982067634073e+00
   1.0619999999999965e+00   0.0000000000000000e+00   7.3218242715426540e-02   0.0000000000000000e+00   3.3849773314157455e-01   0.0000000000000000e+00   3.2297586594178052e+00
   1.0629999999999966e+00   0.0000000000000000e+00   7.2949000212582341e-02   0.0000000000000000e+00   3.3566683868010599e-01   0.0000000000000000e+00   3.2343470223650765e+00
   1.0639999999999967e+00   0.0000000000000000e+00   7.2664898991755433e-02   0.0000000000000000e+00   3.3284452283775373e-01   0.0000000000000000e+00   3.2388650710945264e+00
   1.0649999999999968e+00   0.0000000000000000e+00   7.2365829355116582e-02   0.0000000000000000e+00   3.3003029672707868e-01   0.0000000000000000e+00   3.2433145175446039e+00
   1.0659999999999969e+00   0.0000000000000000e+00   7.2051670025750997e-02   0.0000000000000000e+00   3.2722368693063064e-01   0.0000000000000000e+00   3.2476970128896272e+00
   1.0669999999999971e+00   0.0000000000000000e+00   7.1722287723357855e-02   0.0000000000000000e+00   3.2442423460298281e-01   0.0000000000000000e+00   3.2520141501659197e+00
   1.0679999999999972e+00   0.0000000000000000e+00   7.1377536686529422e-02   0.0000000000000000e+00   3.2163149462533086e-01   0.0000000000000000e+00   3.2562674667494913e+00
   1.0689999999999973e+00   0.0000000000000000e+00   7.1017258137238304e-02   0.0000000000000000e+00   3.1884503480859872e-01   0.0000000000000000e+00   3.2604584466934186e+00
   1.0699999999999974e+00   0.0000000000000000e+00   7.0641279682511326e-02   0.0000000000000000e+00   3.1606443514130278e-01   0.0000000000000000e+00   3.2645885229381255e+00
   1.0709999999999975e+00   0.0000000000000000e+00   7.0249414647502423e-02   0.0000000000000000e+00   3.1328928707865417e-01   0.0000000000000000e+00   3.2686590793974206e+00
   1.0719999999999976e+00   0.0000000000000000e+00   6.9841461333358501e-02   0.0000000000000000e+00   3.1051919286978386e-01   0.0000000000000000e+00   3.2726714529339818e+00
   1.0729999999999977e+00   0.0000000000000000e+00   6.9417202181496940e-02   0.0000000000000000e+00   3.0775376492318363e-01   0.0000000000000000e+00   3.2766269358665072e+00
   1.0739999999999978e+00   0.0000000000000000e+00   6.8976402900130782e-02   0.0000000000000000e+00   3.0499262518914760e-01   0.0000000000000000e+00   3.2805267751985476e+00
   1.0749999999999980e+00   0.0000000000000000e+00   6.8518811382045214e-02   0.0000000000000000e+00   3.0223540460361298e-01   0.0000000000000000e+00   3.2843721780828132e+00
   1.0759999999999981e+00   0.0000000000000000e+00   6.8044156616279439e-02   0.0000000000000000e+00   2.9948174252773346e-01   0.0000000000000000e+00   3.2881643109000658e+00
   1.0769999999999982e+00   0.0000000000000000e+00   6.7552147420197120e-02   0.0000000000000000e+00   2.9673128622917427e-01   0.0000000000000000e+00   3.2919043013888110e+00
   1.0779999999999983e+00   0.0000000000000000e+00   6.7042471040573440e-02   0.0000000000000000e+00   2.9398369038367705e-01   0.0000000000000000e+00   3.2955932400764545e+00
   1.0789999999999984e+00   0.0000000000000000e+00   6.6514791595365039e-02   0.0000000000000000e+00   2.9123861659826078e-01   0.0000000000000000e+00   3.2992321816349977e+00
   1.0799999999999985e+00   0.0000000000000000e+00   6.5968748335567040e-02   0.0000000000000000e+00   2.8849573295438885e-01   0.0000000000000000e+00   3.3028221461705276e+00
   1.0809999999999986e+00   0.0000000000000000e+00   6.5403953703229600e-02   0.0000000000000000e+00   2.8575471356946902e-01   0.0000000000000000e+00   3.3063641204469514e+00
   1.0819999999999987e+00   0.0000000000000000e+00   6.4819991157677351e-02   0.0000000000000000e+00   2.8301523817512397e-01   0.0000000000000000e+00   3.3098590590483643e+00
   1.0829999999999989e+00   0.0000000000000000e+00   6.4216412737140474e-02   0.0000000000000000e+00   2.8027699171091564e-01   0.0000000000000000e+00   3.3133078854848024e+00
   1.0839999999999990e+00   0.0000000000000000e+00   6.3592736317332282e-02   0.0000000000000000e+00   2.7753966393204643e-01   0.0000000000000000e+00   3.3167114932426851e+00
   1.0849999999999991e+00   0.0000000000000000e+00   6.2948442521444520e-02   0.0000000000000000e+00   2.7480294902989505e-01   0.0000000000000000e+00   3.3200707467836796e+00
   1.0859999999999992e+00   0.0000000000000000e+00   6.2282971227671534e-02   0.0000000000000000e+00   2.7206654526409763e-01   0.0000000000000000e+00   3.3233864824942172e+00
   1.0869999999999991e+00   0.0000000000000000e+00   6.1595717609852323e-02   0.0000000000000000e+00   2.6933015460505316e-01   0.0000000000000000e+00   3.3266595101607597e+00
   1.0869999999999993e+00   0.0000000000000000e+00   6.1595717610061822e-02   0.0000000000000000e+00   2.6933015460505366e-01   0.0000000000000000e+00   3.3266595095887062e+00
   1.0879999999999990e+00   0.0000000000000000e+00   6.0886027624005100e-02   0.0000000000000000e+00   2.6659348232545788e-01   0.0000000000000000e+00   3.3298906136846980e+00
   1.0889999999999989e+00   0.0000000000000000e+00   6.0153192927243235e-02   0.0000000000000000e+00   2.6385623696217980e-01   0.0000000000000000e+00   3.3330805440384568e+00
   1.0899999999999987e+00   0.0000000000000000e+00   5.9396444875032449e-02   0.0000000000000000e+00   2.6111812938023493e-01   0.0000000000000000e+00   3.3362300414827155e+00
   1.0909999999999986e+00   0.0000000000000000e+00   5.8614947869999670e-02   0.0000000000000000e+00   2.5837887305004997e-01   0.0000000000000000e+00   3.3393398120027116e+00
   1.0919999999999985e+00   0.0000000000000000e+00   5.7807791484494386e-02   0.0000000000000000e+00   2.5563818342482098e-01   0.0000000000000000e+00   3.3424105410187730e+00
   1.0929999999999984e+00   0.0000000000000000e+00   5.6973981390230660e-02   0.0000000000000000e+00   2.5289577768376786e-01   0.0000000000000000e+00   3.3454428920403623e+00
   1.0939999999999983e+00   0.0000000000000000e+00   5.6112428821980358e-02   0.0000000000000000e+00   2.5015137442206048e-01   0.0000000000000000e+00   3.3484375045053314e+00
   1.0949999999999982e+00   0.0000000000000000e+00   5.5221938114182106e-02   0.0000000000000000e+00   2.4740469333660353e-01   0.0000000000000000e+00   3.3513949985305609e+00
   1.0959999999999981e+00   0.0000000000000000e+00   5.4301192120377061e-02   0.0000000000000000e+00   2.4465545492024296e-01   0.0000000000000000e+00   3.3543159727361589e+00
   1.0969999999999980e+00   0.0000000000000000e+00   5.3348734855674602e-02   0.0000000000000000e+00   2.4190338015361945e-01   0.0000000000000000e+00   3.3572010054657384e+00
   1.0979999999999979e+00   0.0000000000000000e+00   5.2362950776959967e-02   0.0000000000000000e+00   2.3914819019779482e-01   0.0000000000000000e+00   3.3600506552947076e+00
   1.0989999999999978e+00   0.0000000000000000e+00   5.1342039854085086e-02   0.0000000000000000e+00   2.3638960608588369e-01   0.0000000000000000e+00   3.3628654615095637e+00
   1.0999999999999976e+00   0.0000000000000000e+00   5.0283987337950656e-02   0.0000000000000000e+00   2.3362734841309479e-01   0.0000000000000000e+00   3.3656459445633531e+00
   1.1009999999999975e+00   0.0000000000000000e+00   4.9186526778449285e-02   0.0000000000000000e+00   2.3086113702405692e-01   0.0000000000000000e+00   3.3683926065005729e+00
   1.1019999999999974e+00   0.0000000000000000e+00   4.8047094353380768e-02   0.0000000000000000e+00   2.2809069069653656e-01   0.0000000000000000e+00   3.3711059313593590e+00
   1.1029999999999973e+00   0.0000000000000000e+00   4.6862771874100782e-02   0.0000000000000000e+00   2.2531572682075238e-01   0.0000000000000000e+00   3.3737863855450487e+00
   1.1039999999999972e+00   0.0000000000000000e+00   4.5630214833722642e-02   0.0000000000000000e+00   2.2253596107304552e-01   0.0000000000000000e+00   3.3764344181818351e+00
   1.1049999999999971e+00   0.0000000000000000e+00   4.4345560397624127e-02   0.0000000000000000e+00   2.1975110708309589e-01   0.0000000000000000e+00   3.3790504614367509e+00
   1.1059999999999970e+00   0.0000000000000000e+00   4.3004308028532209e-02   0.0000000000000000e+00   2.1696087609238152e-01   0.0000000000000000e+00   3.3816349321013375e+00
   1.1059999999999970e+00   0.0000000000000000e+00   4.3004308028720038e-02   0.0000000000000000e+00   2.1696087609239717e-01   0.0000000000000000e+00   3.3816349316239465e+00
   1.1069999999999971e+00   0.0000000000000000e+00   4.1601162217789360e-02   0.0000000000000000e+00   2.1416497649853386e-01   0.0000000000000000e+00   3.3841882286438758e+00
   1.1079999999999972e+00   0.0000000000000000e+00   4.0129820858234182e-02   0.0000000000000000e+00   2.1136311404455005e-01   0.0000000000000000e+00   3.3867107293160088e+00
   1.1089999999999973e+00   0.0000000000000000e+00   3.8582685974581032e-02   0.0000000000000000e+00   2.0855499034304020e-01   0.0000000000000000e+00   3.3892028076974103e+00
   1.1099999999999974e+00   0.0000000000000000e+00   3.6950456124127978e-02   0.0000000000000000e+00   2.0574030360244111e-01   0.0000000000000000e+00   3.3916648128976643e+00
   1.1109999999999975e+00   0.0000000000000000e+00   3.5221538190894235e-02   0.0000000000000000e+00   2.0291874767539919e-01   0.0000000000000000e+00   3.3940970808291868e+00
   1.1119999999999977e+00   0.0000000000000000e+00   3.3381167800703757e-02   0.0000000000000000e+00   2.0009001175777105e-01   0.0000000000000000e+00   3.3964999320526181e+00
   1.1129999999999978e+00   0.0000000000000000e+00   3.1410040334090575e-02   0.0000000000000000e+00   1.9725377995953725e-01   0.0000000000000000e+00   3.3988736727719711e+00
   1.1139999999999979e+00   0.0000000000000000e+00   2.9282071445097473e-02   0.0000000000000000e+00   1.9440973085755378e-01   0.0000000000000000e+00   3.4012185915860207e+00
   1.1149999999999980e+00   0.0000000000000000e+00   2.6960495331741746e-02   0.0000000000000000e+00   1.9155753702572814e-01   0.0000000000000000e+00   3.4035349644621369e+00
   1.1159999999999981e+00   0.0000000000000000e+00   2.4390485231132047e-02   0.0000000000000000e+00   1.8869686454473497e-01   0.0000000000000000e+00   3.4058230516042154e+00
   1.1169999999999982e+00   0.0000000000000000e+00   2.1483530233018983e-02   0.0000000000000000e+00   1.8582737248933348e-01   0.0000000000000000e+00   3.4080830991912112e+00
   1.1179999999999983e+00   0.0000000000000000e+00   1.8078381536379928e-02   0.0000000000000000e+00   1.8294871237029794e-01   0.0000000000000000e+00   3.4103153358186549e+00
   1.1189999999999984e+00   0.0000000000000000e+00   1.3812116964017794e-02   0.0000000000000000e+00   1.8006052758504398e-01   0.0000000000000000e+00   3.4125199784225986e+00
   1.1199999999999986e+00   0.0000000000000000e+00   7.3078262273391743e-03   0.0000000000000000e+00   1.7716245259550026e-01   0.0000000000000000e+00   3.4146972245483811e+00
   1.1200000000000001e+00   0.0000000000000000e+00   1.8686064954777395e-01   0.0000000000000000e+00  -2.2472494547793595e-01   0.0000000000000000e+00   2.8980084997926561e+00
   1.1210000000000000e+00   0.0000000000000000e+00   1.8597283910596643e-01   0.0000000000000000e+00  -2.2491720402837320e-01   0.0000000000000000e+00   2.9098543324401631e+00
   1.1219999999999999e+00   0.0000000000000000e+00   1.8505656620840230e-01   0.0000000000000000e+00  -2.2508385383513907e-01   0.0000000000000000e+00   2.9215603430705777e+00
   1.1229999999999998e+00   0.0000000000000000e+00   1.8411158782285791e-01   0.0000000000000000e+00  -2.2522470685921051e-01   0.0000000000000000e+00   2.9331255890157752e+00
   1.1239999999999997e+00   0.0000000000000000e+00   1.8313765926539252e-01   0.0000000000000000e+00  -2.2533956880469858e-01   0.0000000000000000e+00   2.9445493214874459e+00
   1.1249999999999996e+00   0.0000000000000000e+00   1.8213453245703784e-01   0.0000000000000000e+00  -2.2542823576125814e-01   0.0000000000000000e+00   2.9558309841708410e+00
   1.1259999999999994e+00   0.0000000000000000e+00   1.8110195416870881e-01   0.0000000000000000e+00  -2.2549049340632471e-01   0.0000000000000000e+00   2.9669702128449482e+00
   1.1269999999999993e+00   0.0000000000000000e+00   1.8003966405138586e-01   0.0000000000000000e+00  -2.2552611567701075e-01   0.0000000000000000e+00   2.9779668324869668e+00
   1.1279999999999992e+00   0.0000000000000000e+00   1.7894739267439203e-01   0.0000000000000000e+00  -2.2553486350615215e-01   0.0000000000000000e+00   2.9888208592973595e+00
   1.1289999999999991e+00   0.0000000000000000e+00   1.7782485908234252e-01   0.0000000000000000e+00  -2.2551648318388898e-01   0.0000000000000000e+00   2.9995324908565117e+00
   1.1299999999999990e+00   0.0000000000000000e+00   1.7667176851044003e-01   0.0000000000000000e+00  -2.2547070491985993e-01   0.0000000000000000e+00   3.0101021068568432e+00
   1.1309999999999989e+00   0.0000000000000000e+00   1.7548780976709624e-01   0.0000000000000000e+00  -2.2539724116676702e-01   0.0000000000000000e+00   3.0205302637222955e+00
   1.1319999999999988e+00   0.0000000000000000e+00   1.7427265246740875e-01   0.0000000000000000e+00  -2.2529578487208710e-01   0.0000000000000000e+00   3.0308176898603496e+00
   1.1329999999999987e+00   0.0000000000000000e+00   1.7302594407337604e-01   0.0000000000000000e+00  -2.2516600762098016e-01   0.0000000000000000e+00   3.0409652805029523e+00
   1.1339999999999986e+00   0.0000000000000000e+00   1.7174730672597435e-01   0.0000000000000000e+00  -2.2500755766090488e-01   0.0000000000000000e+00   3.0509740922048025e+00
   1.1349999999999985e+00   0.0000000000000000e+00   1.7043633385087445e-01   0.0000000000000000e+00  -2.2482005779631251e-01   0.0000000000000000e+00   3.0608453370729007e+00
   1.1359999999999983e+00   0.0000000000000000e+00   1.6909258651560591e-01   0.0000000000000000e+00  -2.2460310313985099e-01   0.0000000000000000e+00   3.0705803767963080e+00
   1.1369999999999982e+00   0.0000000000000000e+00   1.6771558951136653e-01   0.0000000000000000e+00  -2.2435625870394568e-01   0.0000000000000000e+00   3.0801807165523987e+00
   1.1379999999999981e+00   0.0000000000000000e+00   1.6630482712729397e-01   0.0000000000000000e+00  -2.2407905681413659e-01   0.0000000000000000e+00   3.0896479988593346e+00
   1.1389999999999980e+00   0.0000000000000000e+00   1.6485973857815842e-01   0.0000000000000000e+00  -2.2377099432135969e-01   0.0000000000000000e+00   3.0989839965683528e+00
   1.1389999999999980e+00   0.0000000000000000e+00   1.6485973857871813e-01   0.0000000000000000e+00  -2.2377099432186290e-01   0.0000000000000000e+00   3.0989839974490878e+00
   1.1399999999999979e+00   0.0000000000000000e+00   1.6337971293048109e-01   0.0000000000000000e+00  -2.2343152953465240e-01   0.0000000000000000e+00   3.1081906063555103e+00
   1.1409999999999978e+00   0.0000000000000000e+00   1.6186408425211238e-01   0.0000000000000000e+00  -2.2306007922981660e-01   0.0000000000000000e+00   3.1172698584250260e+00
   1.1419999999999977e+00   0.0000000000000000e+00   1.6031212456616672e-01   0.0000000000000000e+00  -2.2265601452858180e-01   0.0000000000000000e+00   3.1262238709083365e+00
   1.1429999999999976e+00   0.0000000000000000e+00   1.5872303846933467e-01   0.0000000000000000e+00  -2.2221865757061249e-01   0.0000000000000000e+00   3.1350548888903811e+00
   1.1439999999999975e+00   0.0000000000000000e+00   1.5709595537840512e-01   0.0000000000000000e+00  -2.2174727696113997e-01   0.0000000000000000e+00   3.1437652559413705e+00
   1.1449999999999974e+00   0.0000000000000000e+00   1.5542992166621136e-01   0.0000000000000000e+00  -2.2124108312390312e-01   0.0000000000000000e+00   3.1523574144711506e+00
   1.1459999999999972e+00   0.0000000000000000e+00   1.5372389176658477e-01   0.0000000000000000e+00  -2.2069922309928666e-01   0.0000000000000000e+00   3.1608339017223210e+00
   1.1469999999999971e+00   0.0000000000000000e+00   1.5197671820612832e-01   0.0000000000000000e+00  -2.2012077476842606e-01   0.0000000000000000e+00   3.1691973463543275e+00
   1.1479999999999970e+00   0.0000000000000000e+00   1.5018714037667677e-01   0.0000000000000000e+00  -2.1950474041440654e-01   0.0000000000000000e+00   3.1774504656979072e+00
   1.1489999999999969e+00   0.0000000000000000e+00   1.4835377179493281e-01   0.0000000000000000e+00  -2.1885003948941054e-01   0.0000000000000000e+00   3.1855960625505642e+00
   1.1499999999999968e+00   0.0000000000000000e+00   1.4647508575101958e-01   0.0000000000000000e+00  -2.1815550061659236e-01   0.0000000000000000e+00   3.1936370288495244e+00
   1.1509999999999967e+00   0.0000000000000000e+00   1.4454939858445545e-01   0.0000000000000000e+00  -2.1741985229659150e-01   0.0000000000000000e+00   3.2015763383495024e+00
   1.1519999999999966e+00   0.0000000000000000e+00   1.4257485075463777e-01   0.0000000000000000e+00  -2.1664171264690774e-01   0.0000000000000000e+00   3.2094170522402159e+00
   1.1529999999999965e+00   0.0000000000000000e+00   1.4054938478164897e-01   0.0000000000000000e+00  -2.1581957758259004e-01   0.0000000000000000e+00   3.2171623201015889e+00
   1.1539999999999964e+00   0.0000000000000000e+00   1.3847071961018065e-01   0.0000000000000000e+00  -2.1495180732990310e-01   0.0000000000000000e+00   3.2248153834194730e+00
   1.1549999999999963e+00   0.0000000000000000e+00   1.3633632059859890e-01   0.0000000000000000e+00  -2.1403661093333709e-01   0.0000000000000000e+00   3.2323795806961528e+00
   1.1559999999999961e+00   0.0000000000000000e+00   1.3414336416514103e-01   0.0000000000000000e+00  -2.1307202837086331e-01   0.0000000000000000e+00   3.2398583543994763e+00
   1.1569999999999960e+00   0.0000000000000000e+00   1.3188869586384627e-01   0.0000000000000000e+00  -2.1205590980266023e-01   0.0000000000000000e+00   3.2472552600562254e+00
   1.1579999999999959e+00   0.0000000000000000e+00   1.2956878031964478e-01   0.0000000000000000e+00  -2.1098589136385557e-01   0.0000000000000000e+00   3.2545739766866393e+00
   1.1579999999999959e+00   0.0000000000000000e+00   1.2956878032027594e-01   0.0000000000000000e+00  -2.1098589136437845e-01   0.0000000000000000e+00   3.2545739778621865e+00
   1.1589999999999960e+00   0.0000000000000000e+00   1.2717964095792023e-01   0.0000000000000000e+00  -2.0985936666503871e-01   0.0000000000000000e+00   3.2618183264927954e+00
   1.1599999999999961e+00   0.0000000000000000e+00   1.2471678713213140e-01   0.0000000000000000e+00  -2.0867345376009541e-01   0.0000000000000000e+00   3.2689922838726773e+00
   1.1609999999999963e+00   0.0000000000000000e+00   1.2217512448075962e-01   0.0000000000000000e+00  -2.0742495439177169e-01   0.0000000000000000e+00   3.2761000071019275e+00
   1.1619999999999964e+00   0.0000000000000000e+00   1.1954884485614495e-01   0.0000000000000000e+00  -2.0611030724482174e-01   0.0000000000000000e+00   3.2831458603802748e+00
   1.1629999999999965e+00   0.0000000000000000e+00   1.1683128864008151e-01   0.0000000000000000e+00  -2.0472553010145950e-01   0.0000000000000000e+00   3.2901344505906831e+00
   1.1639999999999966e+00   0.0000000000000000e+00   1.1401477122841859e-01   0.0000000000000000e+00  -2.0326615014295007e-01   0.0000000000000000e+00   3.2970706695052363e+00
   1.1649999999999967e+00   0.0000000000000000e+00   1.1109036146793759e-01   0.0000000000000000e+00  -2.0172711839366111e-01   0.0000000000000000e+00   3.3039597469380375e+00
   1.1659999999999968e+00   0.0000000000000000e+00   1.0804759485118250e-01   0.0000000000000000e+00  -2.0010270377362935e-01   0.0000000000000000e+00   3.3108073160377498e+00
   1.1669999999999969e+00   0.0000000000000000e+00   1.0487409673985562e-01   0.0000000000000000e+00  -1.9838636061725554e-01   0.0000000000000000e+00   3.3176195026894493e+00
   1.1679999999999970e+00   0.0000000000000000e+00   1.0155507831889410e-01   0.0000000000000000e+00  -1.9657056068406709e-01   0.0000000000000000e+00   3.3244030253622765e+00
   1.1689999999999972e+00   0.0000000000000000e+00   9.8072649763802061e-02   0.0000000000000000e+00  -1.9464657782939176e-01   0.0000000000000000e+00   3.3311653388226268e+00
   1.1699999999999973e+00   0.0000000000000000e+00   9.4404862565031861e-02   0.0000000000000000e+00  -1.9260420747438192e-01   0.0000000000000000e+00   3.3379148145327173e+00
   1.1709999999999974e+00   0.0000000000000000e+00   9.0524339431300380e-02   0.0000000000000000e+00  -1.9043139517076244e-01   0.0000000000000000e+00   3.3446609807167547e+00
   1.1719999999999975e+00   0.0000000000000000e+00   8.6396253823376387e-02   0.0000000000000000e+00  -1.8811373551465072e-01   0.0000000000000000e+00   3.3514148548911162e+00
   1.1729999999999976e+00   0.0000000000000000e+00   8.1975239897717753e-02   0.0000000000000000e+00  -1.8563378102203298e-01   0.0000000000000000e+00   3.3581893883058829e+00
   1.1739999999999977e+00   0.0000000000000000e+00   7.7200455051912004e-02   0.0000000000000000e+00  -1.8297006520474171e-01   0.0000000000000000e+00   3.3650001125868636e+00
   1.1749999999999978e+00   0.0000000000000000e+00   7.1987246389834877e-02   0.0000000000000000e+00  -1.8009568002912507e-01   0.0000000000000000e+00   3.3718660734491817e+00
   1.1759999999999979e+00   0.0000000000000000e+00   6.6212065468366860e-02   0.0000000000000000e+00  -1.7697613115853544e-01   0.0000000000000000e+00   3.3788112528915262e+00
   1.1769999999999980e+00   0.0000000000000000e+00   5.9682484924920114e-02   0.0000000000000000e+00  -1.7356596423619722e-01   0.0000000000000000e+00   3.3858667908931279e+00
   1.1769999999999980e+00   0.0000000000000000e+00   5.9682484925403505e-02   0.0000000000000000e+00  -1.7356596423640347e-01   0.0000000000000000e+00   3.3858667917924858e+00
   1.1779999999999979e+00   0.0000000000000000e+00   5.2069176779567239e-02   0.0000000000000000e+00  -1.6980317386887248e-01   0.0000000000000000e+00   3.3930747125209151e+00
   1.1789999999999978e+00   0.0000000000000000e+00   4.2716332726098663e-02   0.0000000000000000e+00  -1.6559930023104263e-01   0.0000000000000000e+00   3.4004944939780435e+00
   1.1799999999999977e+00   0.0000000000000000e+00   2.9864233918304388e-02   0.0000000000000000e+00  -1.6082028189777287e-01   0.0000000000000000e+00   3.4082158633203679e+00
