   8.8657592164041821e-01   4.9894136150692512e-04  -3.9483857702892252e-03  -6.0427571227029860e-03  -6.0032236753242249e-02   4.7479061446086573e-01   4.0518963691357142e+00
   8.8664780580837332e-01   5.0692323602777268e-04  -3.9770339864108753e-03  -6.0934329797507356e-03  -6.0558174445613025e-02   4.7482722667734856e-01   4.0518153915460680e+00
   8.8671959981881698e-01   5.1794946737797288e-04  -4.0290131104511497e-03  -6.1799183152708983e-03  -6.1082089029964481e-02   4.7486056717187403e-01   4.0517346076886600e+00
   8.8679106517781836e-01   5.2634956511669244e-04  -4.0598646145967596e-03  -6.2342084402369118e-03  -6.1605875131315983e-02   4.7489571642314887e-01   4.0516536387224766e+00
   8.8686231360442447e-01   5.3485743133352675e-04  -4.0910959539821323e-03  -6.2891878037450756e-03  -6.2128589911211410e-02   4.7493022620907738e-01   4.0515726742897096e+00
   8.8693338141822531e-01   5.4381630858209436e-04  -4.1253009381925923e-03  -6.3488431747187801e-03  -6.2650273513396582e-02   4.7496380237251618e-01   4.0514917149725704e+00
   8.8700422008404978e-01   5.5272002165589597e-04  -4.1586010700200475e-03  -6.4072245843274592e-03  -6.3170891724704997e-02   4.7499688609691165e-01   4.0514107599847442e+00
   8.8707484579781704e-01   5.6171186875820167e-04  -4.1920881437852286e-03  -6.4660084993422269e-03  -6.3690466587118078e-02   4.7502935649143835e-01   4.0513298096820565e+00
   8.8714526092545931e-01   5.7079610844567761e-04  -4.2257900390478016e-03  -6.5252388879426049e-03  -6.4209008365253464e-02   4.7506121295259773e-01   4.0512488641054274e+00
   8.8721537244487114e-01   5.7904132126133001e-04  -4.2528659927347666e-03  -6.5743619425727585e-03  -6.4726437684048746e-02   4.7509326976939381e-01   4.0511679235862665e+00
   8.8728532824847628e-01   5.8787514529430335e-04  -4.2838690401197435e-03  -6.6296450772014492e-03  -6.5242906452359750e-02   4.7512428855282879e-01   4.0510869869976656e+00
   8.8735507487008192e-01   5.9675956300986603e-04  -4.3148208273581729e-03  -6.6849562769604205e-03  -6.5758368442222478e-02   4.7515474005818109e-01   4.0510060551447626e+00
   8.8742457902407124e-01   6.0535202055884561e-04  -4.3432671992362235e-03  -6.7364964136406606e-03  -6.6272799918803069e-02   4.7518492631146914e-01   4.0509251283859848e+00
   8.8749300228931038e-01   6.0692591218189666e-04  -4.3214799905755578e-03  -6.7102718604306315e-03  -6.6784406496747481e-02   4.7522060437315650e-01   4.0508443970147114e+00
   8.8756208973738115e-01   6.1554346641089913e-04  -4.3497493408777349e-03  -6.7616512596540435e-03  -6.7296873601331228e-02   4.7524974354786170e-01   4.0507634800436430e+00
   8.8763101318843918e-01   6.2458631725913368e-04  -4.3806378527834096e-03  -6.8171969665189831e-03  -6.7808407435709275e-02   4.7527800438216738e-01   4.0506825674167839e+00
   8.8769971157059890e-01   6.3343553468093972e-04  -4.4097820651196338e-03  -6.8701380750981296e-03  -6.8318958208971270e-02   4.7530592442598235e-01   4.0506016598669339e+00
   8.8776850217891323e-01   6.4543866829329453e-04  -4.4603498481145514e-03  -6.9565214938130202e-03  -6.8828656280655598e-02   4.7533058783242227e-01   4.0505207836080626e+00
   8.8783755279744336e-01   6.6318777686325068e-04  -4.5496947515596756e-03  -7.1034743925822144e-03  -6.9336945233918923e-02   4.7534961359641753e-01   4.0504400634593862e+00
   8.8790565640503116e-01   6.7214730955769838e-04  -4.5779147134320840e-03  -7.1554151094369725e-03  -6.9844652887630254e-02   4.7537592421774749e-01   4.0503591710108520e+00
   8.8797360311061813e-01   6.8151118501192656e-04  -4.6085224061460225e-03  -7.2111824111213679e-03  -7.0351468344757792e-02   4.7540138131486753e-01   4.0502782829128456e+00
   8.8804133417125852e-01   6.9069647292364629e-04  -4.6375565621785911e-03  -7.2645972272897992e-03  -7.0857345941592126e-02   4.7542650271205206e-01   4.0501973999387069e+00
   8.8810890243462348e-01   7.0020093849835943e-04  -4.6683671133049953e-03  -7.3208929468890020e-03  -7.1362337046333796e-02   4.7545085035826312e-01   4.0501165218361344e+00
   8.8817608426573957e-01   7.0799505787670788e-04  -4.6874982699272299e-03  -7.3590016250820525e-03  -7.1866154751849098e-02   4.7547621820542441e-01   4.0500356695310620e+00
   8.8824329700865423e-01   7.1780473035938988e-04  -4.7196567355980530e-03  -7.4176066247377053e-03  -7.2369367168154883e-02   4.7549932238062631e-01   4.0499548017257689e+00
   8.8831019994276950e-01   7.2647273638583852e-04  -4.7439817627941252e-03  -7.4640285660306175e-03  -7.2871585237257119e-02   4.7552295548772222e-01   4.0498739412466938e+00
   8.8837701590987739e-01   7.3612172958266388e-04  -4.7743888360597302e-03  -7.5200933734352925e-03  -7.3373015051508964e-02   4.7554523865761550e-01   4.0497930833860778e+00
   8.8844367337374963e-01   7.4605944912513116e-04  -4.8062999657031459e-03  -7.5786305224420803e-03  -7.3873591986073794e-02   4.7556678648367856e-01   4.0497122308005640e+00
   8.8851017051748971e-01   7.5625487779705796e-04  -4.8394872263698863e-03  -7.6392886817273882e-03  -7.4373319314901154e-02   4.7558762793038678e-01   4.0496313837227698e+00
   8.8857693182885955e-01   7.7127005916222352e-04  -4.9029285603357535e-03  -7.7477421428713529e-03  -7.4872184620774593e-02   4.7560365475773070e-01   4.0495506013806368e+00
   8.8864265985950097e-01   7.7777990949600437e-04  -4.9119031571409769e-03  -7.7704766173390871e-03  -7.5369765091550772e-02   4.7562684359189011e-01   4.0494697899157188e+00
   8.8870865406450705e-01   7.8844421624616227e-04  -4.9468502138353583e-03  -7.8342725215685277e-03  -7.5866963041251623e-02   4.7564584610757227e-01   4.0493889594820063e+00
   8.8877414178705627e-01   7.9603936472828426e-04  -4.9622843811080201e-03  -7.8673360870916923e-03  -7.6363030341005722e-02   4.7566713308363701e-01   4.0493081455061244e+00
   8.8883967405588227e-01   8.0570870833711653e-04  -4.9904045538750859e-03  -7.9205382602029091e-03  -7.6858498735992029e-02   4.7568610069855460e-01   4.0492273241192160e+00
   8.8890499270409706e-01   8.1504036712469062e-04  -5.0161415454023622e-03  -7.9700637458468681e-03  -7.7353115851515206e-02   4.7570491008916316e-01   4.0491465088354524e+00
   8.8897022551434868e-01   8.2524615653795672e-04  -5.0469454000877127e-03  -8.0277181979268083e-03  -7.7846986179327407e-02   4.7572247584882532e-01   4.0490656977272872e+00
   8.8903527639385171e-01   8.3538844289249910e-04  -5.0770276163236193e-03  -8.0843355503122712e-03  -7.8340043363000933e-02   4.7573964113391659e-01   4.0489848918435243e+00
   8.8910019438693222e-01   8.4593467164113150e-04  -5.1092233260363927e-03  -8.1444187230446958e-03  -7.8832322226350698e-02   4.7575598678749070e-01   4.0489040918630357e+00
   8.8916493372415706e-01   8.5642043305931561e-04  -5.1407079290205805e-03  -8.2034840093704129e-03  -7.9323803849879360e-02   4.7577193319174216e-01   4.0488232967269759e+00
   8.8922947178815426e-01   8.6661818299377301e-04  -5.1701385939315579e-03  -8.2593890127406668e-03  -7.9814477627002417e-02   4.7578768859277176e-01   4.0487425068481393e+00
   8.8929385410974260e-01   8.7695632470763776e-04  -5.2000913831521519e-03  -8.3162311146899315e-03  -8.0304378786080224e-02   4.7580286823113810e-01   4.0486617222708245e+00
   8.8935808742600819e-01   8.8748941671601238e-04  -5.2308785741631498e-03  -8.3745114313794559e-03  -8.0793515550200937e-02   4.7581742420788120e-01   4.0485809432520092e+00
   8.8942216702647703e-01   8.9815808089581753e-04  -5.2621378238913944e-03  -8.4336552802317041e-03  -8.1281891439985904e-02   4.7583141190428596e-01   4.0485001695847833e+00
   8.8948610875587797e-01   9.0910393892244291e-04  -5.2946852571013848e-03  -8.4949704579626861e-03  -8.1769520458590927e-02   4.7584470392990241e-01   4.0484194014320298e+00
   8.8954959981855464e-01   9.1738939660906992e-04  -5.3115086987527427e-03  -8.5312231455455939e-03  -8.2256157769020261e-02   4.7585997322542667e-01   4.0483386503413010e+00
   8.8961327876245200e-01   9.2899630673977547e-04  -5.3472793956437694e-03  -8.5979090389579748e-03  -8.2742307119419448e-02   4.7587178460518648e-01   4.0482578952099582e+00
   8.8967670757803652e-01   9.3974579140408839e-04  -5.3777757217845102e-03  -8.6562587783812033e-03  -8.3227673211207887e-02   4.7588393932183021e-01   4.0481771431150779e+00
   8.8973994566518888e-01   9.5021832706111589e-04  -5.4063901966454990e-03  -8.7116947913229003e-03  -8.3712283915945096e-02   4.7589591188296282e-01   4.0480963965203127e+00
   8.8980315393979470e-01   9.6196448339100934e-04  -5.4419206468103139e-03  -8.7783526374491851e-03  -8.4196222533723677e-02   4.7590628495633491e-01   4.0480156576676780e+00
   8.8986609372668790e-01   9.7264825154040862e-04  -5.4711187447271008e-03  -8.8349448435323455e-03  -8.4679385558858233e-02   4.7591719908458391e-01   4.0479349220122325e+00
   8.8992888841261775e-01   9.8346028178857231e-04  -5.5007469074404708e-03  -8.8923347109458994e-03  -8.5161835067664587e-02   4.7592756617090720e-01   4.0478541918328146e+00
