   1.2369783957649044e-01
   1.2369783957648940e-01
   1.2369783957648847e-01
   1.2246045512655643e-01
   1.2170405633175373e-01
   1.2112993775559247e-01
   1.2064833485992020e-01
   1.2022271252898860e-01
   1.1983650219110469e-01
   1.1948016635522843e-01
   1.1914756138887603e-01
   1.1914756138887603e-01
   1.1883367956272757e-01
   1.1853687404934905e-01
   1.1825408073513867e-01
   1.1798355059045960e-01
   1.1772375726817515e-01
   1.1747350985675489e-01
   1.1723181848586491e-01
   1.1699785588489708e-01
   1.1677093370069351e-01
   1.1655045247024159e-01
   1.1655045247024159e-01
   1.1633589391149640e-01
   1.1612680616410630e-01
   1.1592279254897021e-01
   1.1572350242382404e-01
   1.1552862410111635e-01
   1.1533787895367591e-01
   1.1515101671328302e-01
   1.1496781161937984e-01
   1.1478805912342910e-01
   1.1461157318005162e-01
   1.1461157318005162e-01
   1.1442122709705413e-01
   1.1423546745527789e-01
   1.1405455923869144e-01
   1.1387767030552123e-01
   1.1370496082852266e-01
   1.1353575623244995e-01
   1.1336978209522869e-01
   1.1320680126537631e-01
   1.1304659765882429e-01
   1.1288898881663774e-01
   1.1288898881663774e-01
   1.1273381520001494e-01
   1.1258093789384281e-01
   1.1243022743306952e-01
   1.1228156554521786e-01
   1.1213483131028905e-01
   1.1198988912574517e-01
   1.1184641617969572e-01
   1.1170261920045971e-01
   1.1156286464763378e-01
   1.1142521915932982e-01
   1.1142521915932982e-01
   1.1129853745366268e-01
   1.1117294343207633e-01
   1.1104849035415756e-01
   1.1092513692165029e-01
   1.1080283790996855e-01
   1.1068158672090543e-01
   1.1056136356617345e-01
   1.1044213222286976e-01
   1.1032386436298215e-01
   1.1020658841986443e-01
   1.1020658841986443e-01
   1.1009021169368534e-01
   1.0997474338113988e-01
   1.0986014664380432e-01
   1.0974642740023824e-01
   1.0963356701337110e-01
   1.0952152925688226e-01
   1.0941030221843354e-01
   1.0929988209048372e-01
   1.0919024553137675e-01
   1.0908136336439601e-01
   1.0897324251638113e-01
   1.0886586085110478e-01
   1.0875919795525280e-01
   1.0865325542095913e-01
   1.0854800802658254e-01
   1.0844342515214564e-01
   1.0833951513641878e-01
   1.0823627270406319e-01
   1.0813367376736517e-01
   1.0803169984372614e-01
   1.0793035830687212e-01
   1.0782963770269435e-01
   1.0772953500884876e-01
   1.0762999220833784e-01
   1.0753104002051166e-01
   1.0743266877451046e-01
   1.0733485857594630e-01
   1.0723759350871659e-01
   1.0714092410603687e-01
   1.0704481419568013e-01
   1.0694917203395760e-01
   1.0685405509068158e-01
   1.0675943408004263e-01
   1.0666532696413396e-01
   1.0657172222242234e-01
   1.0647860890534686e-01
   1.0638596444789687e-01
   1.0629380388963859e-01
   1.0620212189271593e-01
   1.0611089114964246e-01
   1.0602011261639432e-01
   1.0592979094454134e-01
   1.0583992007700611e-01
   1.0575047709725710e-01
   1.0566145858818436e-01
   1.0557287301144329e-01
   1.0548471403959930e-01
   1.0539696135409291e-01
   1.0530961071266901e-01
   1.0522266971777296e-01
   1.0522266971777296e-01
   1.0513613723685727e-01
   1.0504998397199845e-01
   1.0496421612261600e-01
   1.0487883881438330e-01
   1.0479384629611764e-01
   1.0470921619045287e-01
   1.0462495326317496e-01
   1.0454106139955252e-01
   1.0445755644078954e-01
   1.0437438899733611e-01
   1.0429156785461259e-01
   1.0420910219780424e-01
   1.0412697150440874e-01
   1.0404527537286401e-01
   1.0396380791197174e-01
   1.0388267479173353e-01
   1.0380191041983727e-01
   1.0372143619811869e-01
   1.0364128164284984e-01
   1.0356143112373985e-01
   1.0348190137802618e-01
   1.0340268786840622e-01
   1.0332378057015490e-01
   1.0324516221034299e-01
   1.0316685101268874e-01
   1.0308884344542801e-01
   1.0301113136691589e-01
   1.0293370941830443e-01
   1.0285656508046685e-01
   1.0277971074221781e-01
   1.0270314374219508e-01
   1.0262688939895080e-01
   1.0255086096463761e-01
   1.0247511985020762e-01
   1.0239965292758957e-01
   1.0232443775998024e-01
   1.0224948918721635e-01
   1.0217480675334861e-01
   1.0210039085691633e-01
   1.0202622887134481e-01
   1.0195231027720988e-01
   1.0187865178538913e-01
   1.0180537792781151e-01
   1.0173222157552997e-01
   1.0165959548568501e-01
   1.0158691820757944e-01
   1.0151448790568460e-01
   1.0144230312614966e-01
   1.0137036050908647e-01
   1.0129863007858801e-01
   1.0129863007858801e-01
   1.0122713578284188e-01
   1.0115604957576534e-01
   1.0108501367365075e-01
   1.0101419870102678e-01
   1.0094361503576976e-01
   1.0087326067590760e-01
   1.0080311586296642e-01
   1.0073318566557289e-01
   1.0066347878182669e-01
   1.0059399178331856e-01
   1.0052471136000604e-01
   1.0045563412398789e-01
   1.0038693975692575e-01
   1.0031827956349657e-01
   1.0024983009581055e-01
   1.0018159054528321e-01
   1.0011356676647841e-01
   1.0004587894152711e-01
   9.9978231282708080e-02
   9.9910777266296935e-02
   9.9843525206325237e-02
   9.9776473374335109e-02
   9.9709632059943487e-02
   9.9642947298200349e-02
   9.9576460528132196e-02
   9.9510164501457360e-02
   9.9444062011662893e-02
   9.9378132908871875e-02
   9.9312434734041680e-02
   9.9246896934797491e-02
   9.9181529817370939e-02
   9.9116334008868393e-02
   9.9051305249543989e-02
   9.8986459241955385e-02
   9.8921793510638595e-02
   9.8857306700935191e-02
   9.8792973221470515e-02
   9.8728818068722607e-02
   9.8664839554705522e-02
   9.8601036265401301e-02
   9.8537383741534354e-02
   9.8473900380667612e-02
   9.8410589519446270e-02
   9.8347453729777254e-02
   9.8284472004621815e-02
   9.8221639978099087e-02
   9.8158975057086026e-02
   9.8096479192236144e-02
   9.8034137240612870e-02
   9.7971940021363918e-02
   9.7971940021363918e-02
   9.7909905215423407e-02
   9.7848031423742793e-02
   9.7786317286650562e-02
   9.7724740562701529e-02
   9.7663334166040464e-02
   9.7602077815116858e-02
   9.7540966150888753e-02
   9.7480002254832207e-02
   9.7419172201175686e-02
   9.7358495898266548e-02
   9.7297971359595448e-02
   9.7237597631336936e-02
   9.7177351449089802e-02
   9.7117250573418273e-02
   9.7057296764382364e-02
   9.6997489250880586e-02
   9.6937849558819789e-02
   9.6878320287411931e-02
   9.6818916255970319e-02
   9.6759664514256452e-02
   9.6700547401015344e-02
   9.6641574403537323e-02
   9.6582719945136966e-02
   9.6523998859087051e-02
   9.6465417183403082e-02
   9.6407000055533959e-02
   9.6348671200167380e-02
   9.6290479479420585e-02
   9.6232425205555222e-02
   9.6174505658902454e-02
   9.6116700516575018e-02
   9.6059023043186559e-02
   9.6001477057680001e-02
   9.5944063264673682e-02
   9.5886779472488082e-02
   9.5829601481634982e-02
   9.5772553487748102e-02
   9.5715642691706682e-02
   9.5658848594111015e-02
   9.5602167491638274e-02
   9.5545605526552141e-02
   9.5489169839904742e-02
   9.5432859149274796e-02
   9.5376675781664491e-02
   9.5320601964687057e-02
   9.5264631875516162e-02
   9.5208784108274533e-02
   9.5153058013265235e-02
   9.5097457683917849e-02
   9.5041947603176108e-02
   9.5041947603176108e-02
   9.4986557248357764e-02
   9.4931298884549889e-02
   9.4876144129206808e-02
   9.4821106757801865e-02
   9.4766167681155991e-02
   9.4711382645248532e-02
   9.4656662509143091e-02
   9.4602056765522122e-02
   9.4547637948179289e-02
   9.4493267464026004e-02
   9.4438988954388389e-02
   9.4384866643684603e-02
   9.4330798919776526e-02
   9.4276834074160404e-02
   9.4222981433178907e-02
   9.4169240744138460e-02
   9.4115606381201408e-02
   9.4062058954269168e-02
   9.4008621241631979e-02
   9.3955290204468619e-02
   9.3902152981417936e-02
   9.3849035627134467e-02
   9.3796004807070829e-02
   9.3743076203692613e-02
   9.3690254000408896e-02
   9.3637563871451321e-02
   9.3584930303058964e-02
   9.3532398737072170e-02
   9.3479972613898177e-02
   9.3427647286728477e-02
   9.3375420534294554e-02
   9.3323272865569587e-02
   9.3271227391064665e-02
   9.3219283655004828e-02
   9.3167440885986247e-02
   9.3115687121435656e-02
   9.3064019620697394e-02
   9.3012448970395928e-02
   9.2960977502508785e-02
   9.2909604389383643e-02
   9.2858321141506328e-02
   9.2807117058076372e-02
   9.2756015493401095e-02
   9.2705003300369668e-02
   9.2654104457578573e-02
   9.2603280825549847e-02
   9.2552534393866195e-02
   9.2501888219408912e-02
   9.2451321198946321e-02
   9.2400867405902323e-02
   9.2400867405902323e-02
   9.2350484905684954e-02
   9.2300196100964127e-02
   9.2249977478426032e-02
   9.2199846023970591e-02
   9.2149811136590210e-02
   9.2099862262470675e-02
   9.2050004500254273e-02
   9.2000226047656161e-02
   9.1950557546705086e-02
   9.1900942450423559e-02
   9.1851419474271223e-02
   9.1801985307397360e-02
   9.1752616163486053e-02
   9.1703332723856584e-02
   9.1654136685239751e-02
   9.1605027401965231e-02
   9.1556005702564003e-02
   9.1507057880265863e-02
   9.1458179930739958e-02
   9.1409389230016028e-02
   9.1360685779076467e-02
   9.1312067113774265e-02
   9.1263515176259830e-02
   9.1215045572541065e-02
   9.1166654371558076e-02
   9.1118347311569689e-02
   9.1070124036190581e-02
   9.1021961724458533e-02
   9.0973879740982103e-02
   9.0925878813538807e-02
   9.0877960186562010e-02
   9.0830126776419856e-02
   9.0782346678242892e-02
   9.0734774190894998e-02
   9.0687158457863473e-02
   9.0639606007953372e-02
   9.0592222141843967e-02
   9.0544822275872766e-02
   9.0497506990855292e-02
   9.0450268709731330e-02
   9.0403098449580110e-02
   9.0355991055253423e-02
   9.0308962597044531e-02
   9.0262082330285223e-02
   9.0215212820277391e-02
   9.0168410822385706e-02
   9.0121682759175370e-02
   9.0075017640104643e-02
   9.0028415954239716e-02
   8.9981901841885675e-02
   8.9981901841885675e-02
   8.9935452077040914e-02
   8.9889077625703265e-02
   8.9842769906382763e-02
   8.9796520103869085e-02
   8.9750345295244366e-02
   8.9704244998127222e-02
   8.9658232773010577e-02
   8.9612268509229265e-02
   8.9566364374225854e-02
   8.9520533246599157e-02
   8.9474775196625569e-02
   8.9429093261976442e-02
   8.9383477790602656e-02
   8.9337924312111974e-02
   8.9292424350355129e-02
   8.9246996270763310e-02
   8.9201640604607668e-02
   8.9156354426330645e-02
   8.9111135227652960e-02
   8.9065975308652165e-02
   8.9020872453044159e-02
   8.8975839671060833e-02
   8.8930876638143211e-02
   8.8885984959650818e-02
   8.8841185105558981e-02
   8.8796402991165077e-02
   8.8751690602009797e-02
   8.8707062857721009e-02
   8.8662490473540786e-02
   8.8617959685096559e-02
   8.8573497967395262e-02
   8.8529104506877343e-02
   8.8484812134464311e-02
   8.8440645559924466e-02
   8.8396464828370047e-02
   8.8352308530918786e-02
   8.8308219318692718e-02
   8.8264197077917564e-02
   8.8220241335497454e-02
   8.8176344713036564e-02
   8.8132499438228845e-02
   8.8088716537455578e-02
   8.8044998952994197e-02
   8.8001346412067902e-02
   8.7957745003204607e-02
   8.7914194128269646e-02
   8.7870708599669459e-02
   8.7827321528014660e-02
   8.7783957583873737e-02
   8.7740642294986251e-02
   8.7740642294986251e-02
   8.7697391152932055e-02
   8.7654212202039006e-02
   8.7611086651619097e-02
   8.7568018936250186e-02
   8.7524992096060378e-02
   8.7482028310329113e-02
   8.7439127263689617e-02
   8.7396289685126222e-02
   8.7353510621698979e-02
   8.7310767145026461e-02
   8.7268086152324842e-02
   8.7225466911149491e-02
   8.7182914010851292e-02
   8.7140406392799533e-02
   8.7097946257135933e-02
   8.7055550056312811e-02
   8.7013213247691706e-02
   8.6970937133413750e-02
   8.6928694158682512e-02
   8.6886510337626705e-02
   8.6844386645254124e-02
   8.6802322906585322e-02
   8.6760318952950485e-02
   8.6718346355179970e-02
   8.6676432768034703e-02
   8.6634578413375560e-02
   8.6592783134664134e-02
   8.6551046295772427e-02
   8.6509339879450559e-02
   8.6467691998692309e-02
   8.6426102513367589e-02
   8.6384571266481747e-02
   8.6343096386392190e-02
   8.6301652151529393e-02
   8.6260265653361951e-02
   8.6218936764722656e-02
   8.6177665362442396e-02
   8.6136447411689063e-02
   8.6095261196611997e-02
   8.6054132028547059e-02
   8.6013059827327307e-02
   8.5972044540740630e-02
   8.5931077607199965e-02
   8.5890145706886731e-02
   8.5849273235909462e-02
   8.5808524359178226e-02
   8.5767746607984863e-02
   8.5727020533528153e-02
   8.5686361318311158e-02
   8.5646563129121348e-02
   8.5646563129121348e-02
   8.5605986564957548e-02
   8.5565462650815841e-02
   8.5524980761681288e-02
   8.5484551243226306e-02
   8.5444174493702424e-02
   8.5403850672260612e-02
   8.5363571590852644e-02
   8.5323327396464851e-02
   8.5283135879313854e-02
   8.5242996993940792e-02
   8.5202910667941112e-02
   8.5162881290532400e-02
   8.5122890477913341e-02
   8.5082931386446847e-02
   8.5043094467228963e-02
   8.5003312141703480e-02
   8.4963504766180850e-02
   8.4923748493794041e-02
   8.4884045315985160e-02
   8.4844364789203833e-02
   8.4804736479981616e-02
   8.4765184679710989e-02
   8.4725715553401290e-02
   8.4686240161008994e-02
   8.4646798306553042e-02
   8.4607398446256088e-02
   8.4568085556570097e-02
   8.4528785515765203e-02
   8.4489597233892197e-02
   8.4450390929630845e-02
   8.4411230697463951e-02
   8.4372135430225106e-02
   8.4333047518521165e-02
   8.4294008972471315e-02
   8.4255019262711298e-02
   8.4216078992630714e-02
   8.4177188001490405e-02
   8.4138319688169025e-02
   8.4099498904593797e-02
   8.4060727451221617e-02
   8.4022009437431183e-02
   8.3983335875388490e-02
   8.3944781749587680e-02
   8.3906181661855678e-02
   8.3867629828926288e-02
   8.3829126128097786e-02
   8.3790661072433631e-02
   8.3752266095103528e-02
   8.3713871154888625e-02
   8.3675523847264080e-02
   8.3675523847264080e-02
   8.3637224213979261e-02
   8.3598972064068591e-02
   8.3560777228575703e-02
   8.3522652055875210e-02
   8.3484510225984063e-02
   8.3446415321624473e-02
   8.3408367221851479e-02
   8.3370365815118072e-02
   8.3332410992894720e-02
   8.3294480049147718e-02
   8.3256589758947105e-02
   8.3218745684924281e-02
   8.3180947723080434e-02
   8.3143195758469610e-02
   8.3105477614598786e-02
   8.3067788973058984e-02
   8.3030145970914168e-02
   8.2992548503523764e-02
   8.2954996463801570e-02
   8.2917488541715587e-02
   8.2879998648705197e-02
   8.2842553838556487e-02
   8.2805154000689468e-02
   8.2767799034693043e-02
   8.2730488831913807e-02
   8.2693204838467940e-02
   8.2655956102059322e-02
   8.2618752588753577e-02
   8.2581593396520298e-02
   8.2544478416171296e-02
   8.2507392473437580e-02
   8.2470337141175229e-02
   8.2433325693414453e-02
   8.2396358026058478e-02
   8.2359434042911780e-02
   8.2322550489906027e-02
   8.2285685055623989e-02
   8.2248867782238014e-02
   8.2212087141935397e-02
   8.2175349671225154e-02
   8.2138655264568400e-02
   8.2101994360768593e-02
   8.2065357215669849e-02
   8.2028762819210926e-02
   8.1992211081688762e-02
   8.1955701903997411e-02
   8.1919235192633666e-02
   8.1882785387585574e-02
   8.1846374679531458e-02
   8.1810006127612814e-02
   8.1773679638269064e-02
   8.1737395120504125e-02
   8.1701139998661687e-02
   8.1664910470863605e-02
   8.1628722611951185e-02
   8.1592576324561489e-02
   8.1556471525711730e-02
   8.1520490165386386e-02
   8.1484449051703295e-02
   8.1448449114449858e-02
   8.1412490270328000e-02
   8.1376561982206497e-02
   8.1340656361188382e-02
   8.1304791538259577e-02
   8.1268967421146004e-02
   8.1233183931026048e-02
   8.1197440978273833e-02
   8.1161713628091353e-02
   8.1126022742811790e-02
   8.1090372109440756e-02
   8.1054761644800966e-02
   8.1019191265274182e-02
   8.0983650717688510e-02
   8.0948131472596677e-02
   8.0912652032601284e-02
   8.0877212311986635e-02
   8.0841812230003682e-02
   8.0806451703634610e-02
   8.0771106773208923e-02
   8.0735796279407079e-02
   8.0700525067533724e-02
   8.0665293057074108e-02
   8.0630100170113655e-02
   8.0594937926166926e-02
   8.0559794176027683e-02
   8.0524689284353926e-02
   8.0489623166502391e-02
   8.0454595746147967e-02
   8.0419606945171113e-02
   8.0384635283343484e-02
   8.0349694565913510e-02
   8.0314792204107255e-02
   8.0279928121754440e-02
   8.0245101519580239e-02
   8.0210311169471471e-02
   8.0175531974137307e-02
   8.0140790726224972e-02
   8.0106087351079033e-02
   8.0071445232355376e-02
   8.0036812652912570e-02
   8.0036812652912570e-02
   8.0002197645717768e-02
   7.9967620177041621e-02
   7.9933201557462391e-02
   7.9898692697648308e-02
   7.9864207707510154e-02
   7.9829759924817306e-02
   7.9795349278214800e-02
   7.9760998775915998e-02
   7.9726647271547796e-02
   7.9692322289303869e-02
   7.9658034145579648e-02
   7.9623782947865374e-02
   7.9589568428831067e-02
   7.9555402729056854e-02
   7.9521237390706101e-02
   7.9487108481773039e-02
   7.9453015932393303e-02
   7.9418959673585060e-02
   7.9384927966608579e-02
   7.9350915078196346e-02
   7.9316938247853186e-02
   7.9282997406061720e-02
   7.9249092485748115e-02
   7.9215255790680769e-02
   7.9181471832427533e-02
   7.9147659972333625e-02
   7.9113872733885759e-02
   7.9080121049532034e-02
   7.9046426258580646e-02
   7.9012745859024014e-02
   7.8979067150438689e-02
   7.8945431512729855e-02
   7.8911829551323934e-02
   7.8878258949942298e-02
   7.8844722891499297e-02
   7.8811201889425808e-02
   7.8777709613352898e-02
   7.8744286632564317e-02
   7.8710875358454419e-02
   7.8677474307684930e-02
   7.8644130204432769e-02
   7.8610782955226222e-02
   7.8577473873203477e-02
   7.8544230566981094e-02
   7.8511004449771396e-02
   7.8477780697721128e-02
   7.8444589587857549e-02
   7.8411431319898806e-02
   7.8378304888616732e-02
   7.8345218710357170e-02
   7.8312141827192663e-02
   7.8279085621781763e-02
   7.8246085399551496e-02
   7.8213092437323356e-02
   7.8180134033558515e-02
   7.8147216243790618e-02
   7.8114337613791551e-02
   7.8081537986654903e-02
   7.8048689265531823e-02
   7.8015884628207827e-02
   7.7983085317996415e-02
   7.7950335440781129e-02
   7.7917614318573969e-02
   7.7884913980190609e-02
   7.7852241046915349e-02
   7.7819586050324588e-02
   7.7787188767934848e-02
   7.7754590009807223e-02
   7.7722021618915241e-02
   7.7689484631198083e-02
   7.7657069652356692e-02
   7.7624634594838815e-02
   7.7592173128438108e-02
   7.7559740252744175e-02
   7.7527340296408800e-02
   7.7494974657664903e-02
   7.7462636353545139e-02
   7.7430327685141187e-02
   7.7398074895955293e-02
   7.7365820451380282e-02
   7.7333632294523530e-02
   7.7301431851416316e-02
   7.7269246919826312e-02
   7.7237124004234048e-02
   7.7205001384373764e-02
   7.7172899063429695e-02
   7.7140865730716587e-02
   7.7108810104037195e-02
   7.7076777349881928e-02
   7.7044782196517933e-02
   7.7012810085342664e-02
   7.6980870978212004e-02
   7.6948966703155555e-02
   7.6917077321804736e-02
   7.6885200003957405e-02
   7.6853396698527809e-02
   7.6821586140196602e-02
   7.6790010311116652e-02
   7.6758250462863775e-02
   7.6726506891539079e-02
   7.6726506891539079e-02
   7.6694792330926548e-02
   7.6663109839961302e-02
   7.6631456049728194e-02
   7.6599831890001385e-02
   7.6568317973533181e-02
   7.6536743593314929e-02
   7.6505198506784222e-02
   7.6473705455596591e-02
   7.6442204189657831e-02
   7.6410720091140055e-02
   7.6379362482839344e-02
   7.6347942841998084e-02
   7.6316546070573324e-02
   7.6285157757371116e-02
   7.6253802542635543e-02
   7.6222476532233893e-02
   7.6191180751549209e-02
   7.6159915101942130e-02
   7.6128671808565432e-02
   7.6097447912699304e-02
   7.6066234376428135e-02
   7.6035075445392841e-02
   7.6004068388294835e-02
   7.5972954548873706e-02
   7.5941843715830404e-02
   7.5910763048185906e-02
   7.5879713075630822e-02
   7.5848691449683148e-02
   7.5817693086336221e-02
   7.5786701782319055e-02
   7.5755739153305246e-02
   7.5724806782410198e-02
   7.5693904609963281e-02
   7.5663095000970695e-02
   7.5632245671390777e-02
   7.5601434401129472e-02
   7.5570625499755781e-02
   7.5539845092790589e-02
   7.5509093656642073e-02
   7.5478344320502419e-02
   7.5447643731748684e-02
   7.5416946272661531e-02
   7.5386278036877849e-02
   7.5355638562043498e-02
   7.5325025117235031e-02
   7.5294441558715508e-02
   7.5263863830842534e-02
   7.5233338875593192e-02
   7.5202817703404451e-02
   7.5172324705941207e-02
   7.5141852739718351e-02
   7.5111421757025440e-02
   7.5080981857462717e-02
   7.5050565435188121e-02
   7.5020178785822511e-02
   7.4989821461019679e-02
   7.4959490551312472e-02
   7.4929187000619041e-02
   7.4898888075582828e-02
   7.4868615916788395e-02
   7.4838364587754475e-02
   7.4808140621223887e-02
   7.4777944705207253e-02
   7.4747779742133064e-02
   7.4717626969360379e-02
   7.4687485720720218e-02
   7.4657371855036778e-02
   7.4627285479793526e-02
   7.4597226809632600e-02
   7.4567195284562418e-02
   7.4537190106721579e-02
   7.4507188215411593e-02
   7.4477248366180943e-02
   7.4447308453108027e-02
   7.4417581776494462e-02
   7.4387685000521661e-02
   7.4357804600287486e-02
   7.4327932630152888e-02
   7.4298088139259533e-02
   7.4268271278034648e-02
   7.4238481274791004e-02
   7.4208717677011468e-02
   7.4178972890060368e-02
   7.4149245455485818e-02
   7.4119540322633320e-02
   7.4089860749864650e-02
   7.4060207707634385e-02
   7.4030570241409646e-02
   7.4000941647317089e-02
   7.3971339394538732e-02
   7.3941763511374270e-02
   7.3912661976322430e-02
   7.3883148961615602e-02
   7.3853639505172305e-02
   7.3824156149324222e-02
   7.3794721668578950e-02
   7.3765268500558714e-02
   7.3735993216243162e-02
   7.3706670456940682e-02
   7.3677314062858185e-02
   7.3677314062858185e-02
   7.3647963502352920e-02
   7.3618627207366630e-02
   7.3589298754247287e-02
   7.3559996734652397e-02
   7.3530723292557360e-02
   7.3501472165574427e-02
   7.3472247560588400e-02
   7.3443056103468421e-02
   7.3413859655040450e-02
   7.3384689178058474e-02
   7.3355694140688626e-02
   7.3326593589947101e-02
   7.3297764742311464e-02
   7.3268747779258001e-02
   7.3239684170388689e-02
   7.3210691252856133e-02
   7.3181671628809300e-02
   7.3152676835345473e-02
   7.3123733445002601e-02
   7.3094778333425661e-02
   7.3065826699356837e-02
   7.3036900302167529e-02
   7.3008125295547718e-02
   7.2979241261179745e-02
   7.2950372829989882e-02
   7.2921532294020305e-02
   7.2892712976033586e-02
   7.2863918579831724e-02
   7.2835149937373833e-02
   7.2806440501840750e-02
   7.2777702945099249e-02
   7.2748976353375946e-02
   7.2720275352491121e-02
   7.2691599040231245e-02
   7.2662947448037696e-02
   7.2634320634719682e-02
   7.2605716991517674e-02
   7.2577111332835995e-02
   7.2548527946920474e-02
   7.2520015815058445e-02
   7.2491474136545345e-02
   7.2462957370297121e-02
   7.2434496233360943e-02
   7.2406023624221966e-02
   7.2377556198908927e-02
   7.2349134907792156e-02
   7.2320718320076804e-02
   7.2292322656040173e-02
   7.2263951674322202e-02
   7.2235604693408700e-02
   7.2207265856513464e-02
   7.2178937831718304e-02
   7.2150634189695279e-02
   7.2122354767939767e-02
   7.2094097314257241e-02
   7.2065863776026751e-02
   7.2037654952696886e-02
   7.2009447021230105e-02
   7.1981256167161473e-02
   7.1953088915013758e-02
   7.1924945865109793e-02
   7.1896951169413512e-02
   7.1868847781974957e-02
   7.1840760031573456e-02
   7.1812696227115475e-02
   7.1784666635584818e-02
   7.1756654012474941e-02
   7.1728638609011158e-02
   7.1700706500508651e-02
   7.1672733669250949e-02
   7.1644784925878308e-02
   7.1616876594068485e-02
   7.1588973354930141e-02
   7.1561065240227248e-02
   7.1533195869714267e-02
   7.1505332084213016e-02
   7.1477492000192253e-02
   7.1449675694867626e-02
   7.1421882076042414e-02
   7.1394115734928459e-02
   7.1366421175861103e-02
   7.1338679381787687e-02
   7.1310966253648772e-02
   7.1283269589739767e-02
   7.1255690656075718e-02
   7.1228021636774039e-02
   7.1200376200622043e-02
   7.1172754190449189e-02
   7.1145143623832285e-02
   7.1117541838781759e-02
   7.1089963242923257e-02
   7.1062407415627554e-02
   7.1034878168505372e-02
   7.1007355266985442e-02
   7.0979896396574566e-02
   7.0952423167896753e-02
   7.0924982021894248e-02
   7.0897522539787275e-02
   7.0870090335700103e-02
   7.0842688535539849e-02
   7.0842688535539849e-02
   7.0815302227582450e-02
   7.0787927891026226e-02
   7.0760555849580881e-02
   7.0733284530777749e-02
   7.0705964469424884e-02
   7.0678666850636923e-02
   7.0651378800939177e-02
   7.0624126006482019e-02
   7.0596878457044293e-02
   7.0569826755908976e-02
   7.0542607631694662e-02
   7.0515418990245854e-02
   7.0488242666173706e-02
   7.0461089432025129e-02
   7.0434022916642164e-02
   7.0406899376282334e-02
   7.0379790633667796e-02
   7.0352818691531982e-02
   7.0325742231406377e-02
   7.0298685310033179e-02
   7.0271717185011906e-02
   7.0244683094910360e-02
   7.0217669893109125e-02
   7.0190678985601704e-02
   7.0163729984595774e-02
   7.0136779142768085e-02
   7.0110245219335274e-02
   7.0083332160118514e-02
   7.0056447577372158e-02
   7.0029674929626029e-02
   7.0002803920190898e-02
   6.9976551151001626e-02
   6.9949721839229789e-02
   6.9922915443286340e-02
   6.9896130824083427e-02
   6.9869518067725261e-02
   6.9842775890804107e-02
   6.9816078944006488e-02
   6.9789344506116027e-02
   6.9762942126252267e-02
   6.9736359799157890e-02
   6.9709676313657626e-02
   6.9683014424313267e-02
   6.9656410432080429e-02
   6.9629779624837532e-02
   6.9604063709944611e-02
   6.9577480332079722e-02
   6.9550912313922394e-02
   6.9524335708260651e-02
   6.9497797092659727e-02
   6.9471267774281920e-02
   6.9444752879754976e-02
   6.9418259149590503e-02
   6.9391785488955235e-02
   6.9365764352009154e-02
   6.9339322343193704e-02
   6.9312883107903026e-02
   6.9286608738613698e-02
   6.9260258244706344e-02
   6.9233868383018413e-02
   6.9207499855726801e-02
   6.9181152069986318e-02
   6.9154825153626504e-02
   6.9128522334502535e-02
   6.9102407034740340e-02
   6.9076130533536215e-02
   6.9049872553696878e-02
   6.9023632382075456e-02
   6.8997385686194707e-02
   6.8971160350458804e-02
   6.8945176818143772e-02
   6.8918982262518164e-02
   6.8892828186847055e-02
   6.8866675489681839e-02
   6.8840542755501263e-02
   6.8814429940612487e-02
   6.8788334523045419e-02
   6.8762314419019338e-02
   6.8736243060978197e-02
   6.8710223236386120e-02
   6.8684195934153716e-02
   6.8658234262016157e-02
   6.8632276043400331e-02
   6.8606285104710507e-02
   6.8580314823873709e-02
   6.8554503158581442e-02
   6.8528564474689746e-02
   6.8502702550847394e-02
   6.8476824826221513e-02
   6.8450934669664135e-02
   6.8425102318001738e-02
   6.8399232777437230e-02
   6.8373383185332620e-02
   6.8347554006081404e-02
   6.8321785477116634e-02
   6.8295994508406566e-02
   6.8270202358341664e-02
   6.8244425450550039e-02
   6.8218854474710794e-02
   6.8193114522815595e-02
   6.8193114522815595e-02
   6.8167428397745186e-02
   6.8141728469335305e-02
   6.8116125460268337e-02
   6.8090710377067862e-02
   6.8065047282317909e-02
   6.8039432428205732e-02
   6.8013863924701753e-02
   6.7988279671338539e-02
   6.7962688470590907e-02
   6.7937112862918023e-02
   6.7911532099509286e-02
   6.7885970798345990e-02
   6.7860472845326980e-02
   6.7834952515109903e-02
   6.7809608946009112e-02
   6.7784228281309242e-02
   6.7758761948944923e-02
   6.7733345682106996e-02
   6.7707907372936166e-02
   6.7682479079502464e-02
   6.7657073748693161e-02
   6.7631750338499497e-02
   6.7606469742366185e-02
   6.7581518844822691e-02
   6.7556276071915583e-02
   6.7530930261610903e-02
   6.7505600784393660e-02
   6.7480286822191260e-02
   6.7455226031777102e-02
   6.7429933813933182e-02
   6.7404661204533659e-02
   6.7379423859524626e-02
   6.7354185045830531e-02
   6.7328965211210623e-02
   6.7303778423008637e-02
   6.7278608914605159e-02
   6.7253433834235182e-02
   6.7228261478063184e-02
   6.7203353643076530e-02
   6.7178221868796226e-02
   6.7153093050725934e-02
   6.7127987568711620e-02
   6.7102895696932535e-02
   6.7077822972882589e-02
   6.7052768860499726e-02
   6.7027739317524676e-02
   6.7002716174459687e-02
   6.6977732623250880e-02
   6.6952759713393845e-02
   6.6927783593243695e-02
   6.6902815685337874e-02
   6.6877849263095909e-02
   6.6852900807038484e-02
   6.6827971488238935e-02
   6.6803208941642503e-02
   6.6778299831134189e-02
   6.6753421284051984e-02
   6.6728563815194333e-02
   6.6704108911797885e-02
   6.6679289841035883e-02
   6.6654478783721022e-02
   6.6629680900617022e-02
   6.6604895115604246e-02
   6.6580185052428478e-02
   6.6555423424601856e-02
   6.6530680214176435e-02
   6.6505943916287613e-02
   6.6481211507237112e-02
   6.6456682640899822e-02
   6.6431997751693103e-02
   6.6407328354661732e-02
   6.6382671500309631e-02
   6.6358067838794818e-02
   6.6333431225595429e-02
   6.6308921191996995e-02
   6.6284321881702912e-02
   6.6259737595633597e-02
   6.6235150493207925e-02
   6.6210581132715496e-02
   6.6186034225377346e-02
   6.6161501298988512e-02
   6.6137004900544291e-02
   6.6112500436297184e-02
   6.6088103342413662e-02
   6.6063655296865392e-02
   6.6039188857527839e-02
   6.6014738198470202e-02
   6.5990361752542956e-02
   6.5965946390395311e-02
   6.5941541198780568e-02
   6.5917154885730231e-02
   6.5892781277477316e-02
   6.5868406356754797e-02
   6.5844107778939107e-02
   6.5819770888746354e-02
   6.5795716025603274e-02
   6.5771997047773922e-02
   6.5747688751755878e-02
   6.5723648346410854e-02
   6.5699387051529765e-02
   6.5699387051529765e-02
   6.5675190137498660e-02
   6.5650943453228736e-02
   6.5626732015182529e-02
   6.5602520718649221e-02
   6.5578391414275017e-02
   6.5554203531346431e-02
   6.5530018349555172e-02
   6.5505847717157187e-02
   6.5481848129479270e-02
   6.5457711083223985e-02
   6.5433581227558615e-02
   6.5409463088172151e-02
   6.5385364730539200e-02
   6.5361281315394912e-02
   6.5337217115187862e-02
   6.5313167674428643e-02
   6.5289174194350347e-02
   6.5265134168566288e-02
   6.5241110906678612e-02
   6.5217114926862038e-02
   6.5193279651279190e-02
   6.5169296024591261e-02
   6.5145472476744792e-02
   6.5121675605453636e-02
   6.5097742798115282e-02
   6.5073872802491883e-02
   6.5049956256328784e-02
   6.5026056173031782e-02
   6.5002231115136824e-02
   6.4978370884885117e-02
   6.4954527514989771e-02
   6.4930683238159648e-02
   6.4906846985475330e-02
   6.4883027107077246e-02
   6.4859223595681470e-02
   6.4835441540612049e-02
   6.4811789497480246e-02
   6.4788089864381712e-02
   6.4764355469702037e-02
   6.4740613975474579e-02
   6.4716954739921978e-02
   6.4693259699318675e-02
   6.4669581414358662e-02
   6.4645920602859869e-02
   6.4622426987043902e-02
   6.4598762788771177e-02
   6.4575114690171964e-02
   6.4551506043181869e-02
   6.4527887118511096e-02
   6.4504284286947891e-02
   6.4480726382743478e-02
   6.4457234626272245e-02
   6.4433675282504974e-02
   6.4410131964928230e-02
   6.4386603667570930e-02
   6.4363102909369446e-02
   6.4339593749239157e-02
   6.4316106887595703e-02
   6.4292651466647963e-02
   6.4269195180743338e-02
   6.4245750819907549e-02
   6.4222314135697567e-02
   6.4198873098060230e-02
   6.4175519439130205e-02
   6.4152134717093565e-02
   6.4128752777278183e-02
   6.4105588920526771e-02
   6.4082643371433878e-02
   6.4059324155215230e-02
   6.4035982657289575e-02
   6.4012656801005527e-02
   6.3989454989376221e-02
   6.3966150870396116e-02
   6.3942956078690397e-02
   6.3919686459992756e-02
   6.3896432371916431e-02
   6.3873191541374635e-02
   6.3849954814953702e-02
   6.3826748417295423e-02
   6.3803688521810453e-02
   6.3780482983404621e-02
   6.3757331533597333e-02
   6.3734163277280625e-02
   6.3711010386685876e-02
   6.3687872874427190e-02
   6.3664736807557534e-02
   6.3641607247082094e-02
   6.3618902039663430e-02
   6.3595797544932192e-02
   6.3572788414363382e-02
   6.3549722679026116e-02
   6.3526672150104352e-02
   6.3503795629674925e-02
   6.3480768328403200e-02
   6.3457756143065744e-02
   6.3434759077944741e-02
   6.3411761474288536e-02
   6.3388789883899496e-02
   6.3365884671755315e-02
   6.3343129720782432e-02
   6.3343129720782432e-02
   6.3320188837331010e-02
   6.3297568129513787e-02
   6.3274947636501044e-02
   6.3252039285943765e-02
   6.3229301360092152e-02
   6.3206430290552618e-02
   6.3183557484158270e-02
   6.3160750830349527e-02
   6.3137916617181808e-02
   6.3115097310133650e-02
   6.3092429346322643e-02
   6.3070015331242762e-02
   6.3047230225808590e-02
   6.3024459956417159e-02
   6.3001698160814273e-02
   6.2978935329648628e-02
   6.2956187299501101e-02
   6.2933454071291556e-02
   6.2910735653639208e-02
   6.2888032050694168e-02
   6.2865359011173433e-02
   6.2842681943052925e-02
   6.2820019719677406e-02
   6.2797739218007048e-02
   6.2775107834136243e-02
   6.2752487161709752e-02
   6.2730063446650122e-02
   6.2707683815856036e-02
   6.2685097645094737e-02
   6.2662526038899755e-02
   6.2639966292950017e-02
   6.2617422778826468e-02
   6.2594885190527624e-02
   6.2572349618506717e-02
   6.2549828597962251e-02
   6.2527322133057062e-02
   6.2504830238330339e-02
   6.2482555606264388e-02
   6.2460084549310874e-02
   6.2437627984951893e-02
   6.2415185925403488e-02
   6.2392758379308938e-02
   6.2370345359016401e-02
   6.2348544858686156e-02
   6.2326153735012123e-02
   6.2303776938256346e-02
   6.2281414479329632e-02
   6.2259216768497577e-02
   6.2236890549163357e-02
   6.2214874834834545e-02
   6.2192567145036078e-02
   6.2170273726571079e-02
   6.2147986249019398e-02
   6.2125701891729862e-02
   6.2103431786660376e-02
   6.2081175954992303e-02
   6.2058989020869482e-02
   6.2037000297911843e-02
   6.2014784971841437e-02
   6.1992583848378406e-02
   6.1970406448443344e-02
   6.1948389007043060e-02
   6.1926225852156652e-02
   6.1904076846155967e-02
   6.1881942000500380e-02
   6.1859821332474460e-02
   6.1837714858330284e-02
   6.1815622583978103e-02
   6.1793544534684219e-02
   6.1771461528304046e-02
   6.1749393433022881e-02
   6.1727339560153152e-02
   6.1705299918287541e-02
   6.1683274527241823e-02
   6.1661263405881919e-02
   6.1639266570727727e-02
   6.1617284042569796e-02
   6.1595315840199276e-02
   6.1573361977812796e-02
   6.1551464197947402e-02
   6.1529523426306125e-02
   6.1507596987012199e-02
   6.1485684902484676e-02
   6.1463844406399043e-02
   6.1441967598125480e-02
   6.1420105180739620e-02
   6.1398285450570994e-02
   6.1376438086698779e-02
   6.1354605102963533e-02
   6.1332786522657994e-02
   6.1310982376483358e-02
   6.1289192683711864e-02
   6.1268494467122916e-02
   6.1246719268038666e-02
   6.1225110747838984e-02
   6.1203937870284525e-02
   6.1182357773926416e-02
   6.1160638284728452e-02
   6.1138932821987943e-02
   6.1117241409923306e-02
   6.1117241409923306e-02
   6.1095564075034921e-02
   6.1073900848567092e-02
   6.1052251756424376e-02
   6.1030717916564114e-02
   6.1009087108531111e-02
   6.0987870982177846e-02
   6.0966275393098984e-02
   6.0944692105690382e-02
   6.0923124514763526e-02
   6.0901564424786787e-02
   6.0880029514021300e-02
   6.0858525453317130e-02
   6.0837215970301520e-02
   6.0815985119308344e-02
   6.0794484449273947e-02
   6.0772997925686204e-02
   6.0751525587077589e-02
   6.0730067466711855e-02
   6.0709224411814693e-02
   6.0687796443076404e-02
   6.0666382676917277e-02
   6.0645078495468643e-02
   6.0623893437337754e-02
   6.0602516037692934e-02
   6.0582164226121227e-02
   6.0560813445797668e-02
   6.0539581666980265e-02
   6.0518259104704202e-02
   6.0496944891074975e-02
   6.0475644905830059e-02
   6.0454359190848156e-02
   6.0433087791331712e-02
   6.0411864127994187e-02
   6.0390677867830582e-02
   6.0369453940851012e-02
   6.0348244508926591e-02
   6.0327049619282452e-02
   6.0305991430310263e-02
   6.0284820489051746e-02
   6.0263685869521223e-02
   6.0242545753104164e-02
   6.0221420374256665e-02
   6.0200309790092707e-02
   6.0179214057847222e-02
   6.0158215076837690e-02
   6.0137143929992747e-02
   6.0116142747275711e-02
   6.0095185047502483e-02
   6.0074335949614276e-02
   6.0053326326391404e-02
   6.0032507206912361e-02
   6.0011856353172841e-02
   5.9990925176129757e-02
   5.9970031642784888e-02
   5.9949174113173583e-02
   5.9908854724247736e-02
   5.9928400180440662e-02
   5.9887963485209750e-02
   5.9867603424748957e-02
   5.9847214021216073e-02
   5.9826364368399852e-02
   5.9807425891882537e-02
   5.9786662775989430e-02
   5.9765856261080490e-02
   5.9745065912141654e-02
   5.9724535954689066e-02
   5.9704191776645647e-02
   5.9683479688091748e-02
   5.9662754124865713e-02
   5.9642045354442771e-02
   5.9604969675577928e-02
   5.9584309639142352e-02
   5.9621600302469761e-02
   5.9563761011148859e-02
   5.9543815238663582e-02
   5.9524005017332869e-02
   5.9472044418140135e-02
   5.9503586707384815e-02
   5.9451668278234983e-02
   5.9431356112879856e-02
   5.9427642326267509e-02
   5.9483873739196030e-02
   5.9407601952353221e-02
   5.9387136356357187e-02
   5.9367683160635024e-02
   5.9347256104482285e-02
   5.9326832547238827e-02
   5.9306582788661265e-02
   5.9286244259538663e-02
   5.9226728063341894e-02
   5.9265913667352892e-02
   5.9245557143787396e-02
   5.9207166665428176e-02
   5.9186928510759095e-02
   5.9166813127644394e-02
   5.9147521552568860e-02
   5.9127422963323448e-02
   5.9107334884325714e-02
   5.9087169503669601e-02
   5.9066973225572951e-02
   5.9066973225572951e-02
   5.9046823888970187e-02
   5.9028898614810421e-02
   5.9008880081010316e-02
   5.8989341541186659e-02
   5.8969405532496383e-02
   5.8949339373367667e-02
   5.8929300009785301e-02
   5.8909395127355060e-02
   5.8889713179928180e-02
   5.8869861759269650e-02
   5.8849909745742793e-02
   5.8829986601838191e-02
   5.8810094029010093e-02
   5.8790241611722908e-02
   5.8770404356851033e-02
   5.8752030004145417e-02
   5.8732264541693439e-02
   5.8712522983422728e-02
   5.8693177300524368e-02
   5.8673496122437434e-02
   5.8653832756416904e-02
   5.8634296801697912e-02
   5.8614913027309215e-02
   5.8595331303434493e-02
   5.8538011560733662e-02
   5.8576019298037248e-02
   5.8556519095967235e-02
   5.8520223061727966e-02
   5.8482778590730859e-02
   5.8502050543790894e-02
   5.8463616664651608e-02
   5.8444322074458446e-02
   5.8425057947319829e-02
   5.8406199947639834e-02
   5.8387129546289045e-02
   5.8368076591679377e-02
   5.8349697949491325e-02
   5.8330953286066446e-02
   5.8311952055187868e-02
   5.8292981106895875e-02
   5.8274079811564038e-02
   5.8255502663192398e-02
   5.8236687585765973e-02
   5.8200033609218230e-02
   5.8217972024228584e-02
   5.8181372279773921e-02
   5.8163983355264133e-02
   5.8145453051418078e-02
   5.8127001239934174e-02
   5.8108639058073258e-02
   5.8090342619971300e-02
   5.8054224506524227e-02
   5.8072076557827791e-02
   5.8036102414298942e-02
   5.8018082234403592e-02
   5.8000976268324296e-02
   5.7983152302827086e-02
   5.7965535426921858e-02
   5.7947907601543051e-02
   5.7930321228995205e-02
   5.7896191389764901e-02
   5.7913472874723017e-02
   5.7878946930915623e-02
   5.7861834424288980e-02
   5.7845148495748747e-02
   5.7811758289943109e-02
   5.7828321817034303e-02
   5.7377021922854418e-02
   5.7377423686556996e-02
   5.7377881895315230e-02
   5.7795385432471799e-02
   5.7376942204528394e-02
   5.7378354048165804e-02
   5.7379419023948872e-02
   5.7778983673163628e-02
   5.7380113573710166e-02
   5.7378840439182927e-02
   5.7378840439182927e-02
   5.7762714373519874e-02
   5.7380905762088312e-02
   5.7746615541784237e-02
   5.7383670595101362e-02
   5.7383670595101362e-02
   5.7409818096013573e-02
   5.7381792630162548e-02
   5.7405581187632969e-02
   5.7387752148903313e-02
   5.7414337147407644e-02
   5.7382699347964826e-02
   5.7382699347964826e-02
   5.7384830130117088e-02
   5.7386189939881253e-02
   5.7386189939881253e-02
   5.7382979293735856e-02
   5.7384618375281284e-02
   5.7730988568863155e-02
   5.7381238743147177e-02
   5.7419239563519651e-02
   5.7398843104234792e-02
   5.7389374434800827e-02
   5.7402076682697395e-02
   5.7402076682697395e-02
   5.7383217672964316e-02
   5.7424542568329760e-02
   5.7424542568329760e-02
   5.7384108806160829e-02
   5.7381915123951993e-02
   5.7436444720340020e-02
   5.7715679307372807e-02
   5.7430261044795677e-02
   5.7391187213955662e-02
   5.7700180364765305e-02
   5.7443125333022316e-02
   5.7396181337643279e-02
   5.7456787153072932e-02
   5.7464687802440774e-02
   5.7450114177211617e-02
   5.7472982230488259e-02
   5.7481620559515917e-02
   5.7393012288803349e-02
   5.7382634578174226e-02
   5.7490699933187436e-02
   5.7540383575054199e-02
   5.7398687488426497e-02
   5.7551723953970936e-02
   5.7563599008477559e-02
   5.7575880622132827e-02
   5.7519467813725897e-02
   5.7499945077793796e-02
   5.7588634870061363e-02
   5.7394945938287242e-02
   5.7394945938287242e-02
   5.7529796935410271e-02
   5.7670647729378521e-02
   5.7685555265185637e-02
   5.7509591837619244e-02
   5.7401201878902894e-02
   5.7601488317715444e-02
   5.7614830261931815e-02
   5.7656414549213775e-02
   5.7628421003813872e-02
   5.7642349829688799e-02
