   2.9918138885555003e+00
   2.9918138885555003e+00
   2.9918138885555003e+00
   2.9918440653023661e+00
   2.9918705861940711e+00
   2.9918948307788242e+00
   2.9919179189727156e+00
   2.9919404193869008e+00
   2.9919625440489996e+00
   2.9919844023624540e+00
   2.9920060600802634e+00
   2.9920060600802634e+00
   2.9920276117568201e+00
   2.9920489880201804e+00
   2.9920702597475617e+00
   2.9920914347816185e+00
   2.9921125327639881e+00
   2.9921335638946487e+00
   2.9921545364334921e+00
   2.9921754571762094e+00
   2.9921963317870426e+00
   2.9922171650414398e+00
   2.9922171650414398e+00
   2.9922379609979477e+00
   2.9922587231464628e+00
   2.9922794544975355e+00
   2.9923001576785908e+00
   2.9923208349875918e+00
   2.9923414884540067e+00
   2.9923621198766908e+00
   2.9923827308531701e+00
   2.9924033228139293e+00
   2.9924238970468986e+00
   2.9924238970468986e+00
   2.9924464836085756e+00
   2.9924689237148163e+00
   2.9924911545393167e+00
   2.9925132523660340e+00
   2.9925351739107358e+00
   2.9925569795064892e+00
   2.9925786880586478e+00
   2.9926003128344272e+00
   2.9926218663227031e+00
   2.9926433584520353e+00
   2.9926433584520353e+00
   2.9926647975466274e+00
   2.9926861905919462e+00
   2.9927075441453299e+00
   2.9927288644441528e+00
   2.9927501587225360e+00
   2.9927714379394832e+00
   2.9927927391437397e+00
   2.9928143297193071e+00
   2.9928355443553545e+00
   2.9928566588843282e+00
   2.9928566588843282e+00
   2.9928762884431044e+00
   2.9928959317516144e+00
   2.9929155793271272e+00
   2.9929352330660346e+00
   2.9929548914931283e+00
   2.9929745549224420e+00
   2.9929942229507098e+00
   2.9930138953001029e+00
   2.9930335720131218e+00
   2.9930532468736826e+00
   2.9930532468736826e+00
   2.9930729311951234e+00
   2.9930926200789756e+00
   2.9931123125286345e+00
   2.9931320088741700e+00
   2.9931517087838628e+00
   2.9931714112081504e+00
   2.9931911178377155e+00
   2.9932108277023528e+00
   2.9932305406612749e+00
   2.9932502567102932e+00
   2.9932699751229292e+00
   2.9932896971480663e+00
   2.9933094221013787e+00
   2.9933291460312774e+00
   2.9933488757412383e+00
   2.9933686086625775e+00
   2.9933883442011400e+00
   2.9934080821660776e+00
   2.9934278225581856e+00
   2.9934475653545474e+00
   2.9934673104597231e+00
   2.9934870576814205e+00
   2.9935068032805825e+00
   2.9935265548862295e+00
   2.9935463086440843e+00
   2.9935660644339639e+00
   2.9935858222147589e+00
   2.9936055819421465e+00
   2.9936253357245866e+00
   2.9936450849308991e+00
   2.9936648501802678e+00
   2.9936846172525571e+00
   2.9937043860749291e+00
   2.9937241562629859e+00
   2.9937439284290495e+00
   2.9937637022439847e+00
   2.9937834776479182e+00
   2.9938032545907594e+00
   2.9938230328831406e+00
   2.9938428128284453e+00
   2.9938625942888288e+00
   2.9938823771769898e+00
   2.9939021608340477e+00
   2.9939219463788995e+00
   2.9939417334042404e+00
   2.9939615217750761e+00
   2.9939813111005789e+00
   2.9940011019188852e+00
   2.9940208940632145e+00
   2.9940406874218031e+00
   2.9940406874218031e+00
   2.9940604816377281e+00
   2.9940802773739419e+00
   2.9941000743146011e+00
   2.9941198724190086e+00
   2.9941396713238317e+00
   2.9941594715857480e+00
   2.9941792725793648e+00
   2.9941990749989089e+00
   2.9942188721168530e+00
   2.9942386760690858e+00
   2.9942584774333687e+00
   2.9942782801917769e+00
   2.9942980871449585e+00
   2.9943178721934314e+00
   2.9943376810757418e+00
   2.9943574913500486e+00
   2.9943772929389372e+00
   2.9943971049559326e+00
   2.9944169178619116e+00
   2.9944367315752785e+00
   2.9944565461702450e+00
   2.9944763616449519e+00
   2.9944961777098698e+00
   2.9945159947844950e+00
   2.9945358126349624e+00
   2.9945556312864365e+00
   2.9945754504673401e+00
   2.9945952667192217e+00
   2.9946150875183046e+00
   2.9946349090905269e+00
   2.9946547313581107e+00
   2.9946745430495461e+00
   2.9946943668047514e+00
   2.9947141895197720e+00
   2.9947340144277415e+00
   2.9947538400369424e+00
   2.9947736661077968e+00
   2.9947934932134559e+00
   2.9948133209568017e+00
   2.9948331488709847e+00
   2.9948529776943338e+00
   2.9948728072099735e+00
   2.9948926014720896e+00
   2.9949124304130019e+00
   2.9949321838015277e+00
   2.9949520156426725e+00
   2.9949718481009722e+00
   2.9949916811109665e+00
   2.9950115099974610e+00
   2.9950313438119145e+00
   2.9950313438119145e+00
   2.9950511783786484e+00
   2.9950709671081635e+00
   2.9950908028009904e+00
   2.9951106390045372e+00
   2.9951304755762505e+00
   2.9951503127087640e+00
   2.9951701503150328e+00
   2.9951899883850399e+00
   2.9952098268376588e+00
   2.9952296659490845e+00
   2.9952495055220809e+00
   2.9952693454688912e+00
   2.9952891391315211e+00
   2.9953089799203263e+00
   2.9953288212668641e+00
   2.9953486629915504e+00
   2.9953684986649196e+00
   2.9953882976685460e+00
   2.9954081405555750e+00
   2.9954279839990736e+00
   2.9954478278094068e+00
   2.9954676720485387e+00
   2.9954875115816240e+00
   2.9955073565418484e+00
   2.9955272013288923e+00
   2.9955470470974039e+00
   2.9955668931960155e+00
   2.9955867395674911e+00
   2.9956065716707050e+00
   2.9956264125472227e+00
   2.9956462597059268e+00
   2.9956661044482900e+00
   2.9956859526358803e+00
   2.9957058009502502e+00
   2.9957256498646290e+00
   2.9957454991216848e+00
   2.9957653485545790e+00
   2.9957851984234227e+00
   2.9958050486268419e+00
   2.9958248991540097e+00
   2.9958447499417655e+00
   2.9958646010409664e+00
   2.9958844524116000e+00
   2.9959043012151341e+00
   2.9959241526387630e+00
   2.9959440049426149e+00
   2.9959638575216592e+00
   2.9959837098245816e+00
   2.9960035629684332e+00
   2.9960234163933745e+00
   2.9960234163933745e+00
   2.9960432700864965e+00
   2.9960631239859543e+00
   2.9960829781710103e+00
   2.9961028326092030e+00
   2.9961226814753572e+00
   2.9961425330127263e+00
   2.9961623882497848e+00
   2.9961822436937631e+00
   2.9962020992345297e+00
   2.9962219551981697e+00
   2.9962418112832547e+00
   2.9962616677192089e+00
   2.9962815243208500e+00
   2.9963013809920773e+00
   2.9963212377979618e+00
   2.9963410951157337e+00
   2.9963609421941468e+00
   2.9963807998798124e+00
   2.9964006577772064e+00
   2.9964205133073771e+00
   2.9964403717087000e+00
   2.9964602301040140e+00
   2.9964800872440773e+00
   2.9964999462512423e+00
   2.9965198054554083e+00
   2.9965396581164097e+00
   2.9965595177020292e+00
   2.9965793774849843e+00
   2.9965992372263015e+00
   2.9966190973804836e+00
   2.9966389576991634e+00
   2.9966588180504758e+00
   2.9966786787443951e+00
   2.9966985396125794e+00
   2.9967183987937140e+00
   2.9967382600050017e+00
   2.9967581213518328e+00
   2.9967779810739783e+00
   2.9967978427359561e+00
   2.9968177028812581e+00
   2.9968375649136285e+00
   2.9968574270652035e+00
   2.9968772893617421e+00
   2.9968971485264442e+00
   2.9969170067458557e+00
   2.9969368695019019e+00
   2.9969567323963027e+00
   2.9969765954787966e+00
   2.9969964575200816e+00
   2.9970163208757201e+00
   2.9970163208757201e+00
   2.9970361843815780e+00
   2.9970560430612116e+00
   2.9970759064480883e+00
   2.9970957703557639e+00
   2.9971156339722840e+00
   2.9971354845244780e+00
   2.9971553485181617e+00
   2.9971752125883553e+00
   2.9971950544060393e+00
   2.9972149085955904e+00
   2.9972347733382403e+00
   2.9972546246835896e+00
   2.9972744895006818e+00
   2.9972943545941382e+00
   2.9973142197377198e+00
   2.9973340848948018e+00
   2.9973539503801416e+00
   2.9973738158654193e+00
   2.9973936810919830e+00
   2.9974135468257139e+00
   2.9974333799160799e+00
   2.9974532446447499e+00
   2.9974731090111306e+00
   2.9974929749328414e+00
   2.9975128412379015e+00
   2.9975326980950134e+00
   2.9975525637721288e+00
   2.9975724303710209e+00
   2.9975922961539454e+00
   2.9976121629345145e+00
   2.9976320295325278e+00
   2.9976518964883598e+00
   2.9976717634991861e+00
   2.9976916305712420e+00
   2.9977114977833246e+00
   2.9977313650380131e+00
   2.9977512320399708e+00
   2.9977710994938920e+00
   2.9977909670175489e+00
   2.9978108345772405e+00
   2.9978307010080592e+00
   2.9978505686271615e+00
   2.9978704342364959e+00
   2.9978903018636602e+00
   2.9979101613945272e+00
   2.9979300294178497e+00
   2.9979498974884220e+00
   2.9979697608165403e+00
   2.9979896290182539e+00
   2.9980094887991062e+00
   2.9980094887991062e+00
   2.9980293571069416e+00
   2.9980492244818064e+00
   2.9980690929314942e+00
   2.9980889614456259e+00
   2.9981088280201145e+00
   2.9981286965934060e+00
   2.9981485652949260e+00
   2.9981684288719301e+00
   2.9981882858548783e+00
   2.9982081546931574e+00
   2.9982280232616096e+00
   2.9982478922048852e+00
   2.9982677611095476e+00
   2.9982876299489147e+00
   2.9983074987021805e+00
   2.9983273678461537e+00
   2.9983472350485063e+00
   2.9983671042565923e+00
   2.9983869735205206e+00
   2.9984068427454034e+00
   2.9984267120022818e+00
   2.9984465810029799e+00
   2.9984664504338521e+00
   2.9984863173323641e+00
   2.9985061868144545e+00
   2.9985260563313170e+00
   2.9985459258816780e+00
   2.9985657953922660e+00
   2.9985856647388247e+00
   2.9986055344286839e+00
   2.9986254040932825e+00
   2.9986452722054846e+00
   2.9986651419741275e+00
   2.9986849627102070e+00
   2.9987048325409065e+00
   2.9987247024062040e+00
   2.9987445380338995e+00
   2.9987644079478795e+00
   2.9987842765606230e+00
   2.9988041465102984e+00
   2.9988240164747992e+00
   2.9988438864772595e+00
   2.9988637564417684e+00
   2.9988835961597569e+00
   2.9989034611488634e+00
   2.9989233297863334e+00
   2.9989431998206006e+00
   2.9989630697987826e+00
   2.9989829399131067e+00
   2.9990028054967119e+00
   2.9990028054967119e+00
   2.9990226754136589e+00
   2.9990425454189915e+00
   2.9990624153715628e+00
   2.9990822855202524e+00
   2.9991021556460185e+00
   2.9991220258418529e+00
   2.9991418904531404e+00
   2.9991617605484269e+00
   2.9991816306267101e+00
   2.9992015008073603e+00
   2.9992213710239430e+00
   2.9992412382806766e+00
   2.9992611084802441e+00
   2.9992809749081566e+00
   2.9993008451189196e+00
   2.9993207153479924e+00
   2.9993405849360117e+00
   2.9993604550005601e+00
   2.9993803252118467e+00
   2.9994001926522809e+00
   2.9994200627973400e+00
   2.9994399329217090e+00
   2.9994598031360993e+00
   2.9994796732161522e+00
   2.9994995266624525e+00
   2.9995193968562219e+00
   2.9995392670452521e+00
   2.9995591322288435e+00
   2.9995790023229398e+00
   2.9995988724667670e+00
   2.9996187426308154e+00
   2.9996386127660091e+00
   2.9996584721839503e+00
   2.9996782901171115e+00
   2.9996981532544393e+00
   2.9997180233371008e+00
   2.9997378933884669e+00
   2.9997577634045101e+00
   2.9997776334533119e+00
   2.9997975034768132e+00
   2.9998173699635067e+00
   2.9998372399438527e+00
   2.9998571099022158e+00
   2.9998769798407490e+00
   2.9998968495875391e+00
   2.9999167194996019e+00
   2.9999365894135153e+00
   2.9999564472751628e+00
   2.9999763171578335e+00
   2.9999961870174894e+00
   2.9999961870174894e+00
   3.0000160568149425e+00
   3.0000359220646642e+00
   3.0000557918512754e+00
   3.0000756615548672e+00
   3.0000955312930913e+00
   3.0001154010039537e+00
   3.0001352706899538e+00
   3.0001551391085717e+00
   3.0001750087394532e+00
   3.0001948783171848e+00
   3.0002147478916239e+00
   3.0002346174038168e+00
   3.0002544860369751e+00
   3.0002743548225457e+00
   3.0002942242819621e+00
   3.0003140925758220e+00
   3.0003339619732494e+00
   3.0003538313389404e+00
   3.0003737006712781e+00
   3.0003935699696958e+00
   3.0004134392320152e+00
   3.0004333084601611e+00
   3.0004531776533176e+00
   3.0004730468093070e+00
   3.0004929159278055e+00
   3.0005127850089672e+00
   3.0005326540505424e+00
   3.0005525230540955e+00
   3.0005723920180865e+00
   3.0005922609415281e+00
   3.0006121298231214e+00
   3.0006319986637591e+00
   3.0006518674608342e+00
   3.0006717362149145e+00
   3.0006916049244836e+00
   3.0007114735890896e+00
   3.0007313422062492e+00
   3.0007512107756646e+00
   3.0007710792944167e+00
   3.0007909477590577e+00
   3.0008108161674936e+00
   3.0008306845165631e+00
   3.0008505527979148e+00
   3.0008704210018662e+00
   3.0008902878653507e+00
   3.0009101280618586e+00
   3.0009299955403650e+00
   3.0009498621730719e+00
   3.0009697247275624e+00
   3.0009891950710625e+00
   3.0009891950710625e+00
   3.0010090608166107e+00
   3.0010289262867391e+00
   3.0010487939594599e+00
   3.0010686617137670e+00
   3.0010885294818124e+00
   3.0011083972337698e+00
   3.0011282649556610e+00
   3.0011481326382583e+00
   3.0011680002764498e+00
   3.0011878678643620e+00
   3.0012077354029434e+00
   3.0012275992526951e+00
   3.0012474647768599e+00
   3.0012673321425112e+00
   3.0012871663078413e+00
   3.0013069954320790e+00
   3.0013268626166036e+00
   3.0013467295348906e+00
   3.0013665964682277e+00
   3.0013864634316194e+00
   3.0014063303649943e+00
   3.0014261847789094e+00
   3.0014460224163066e+00
   3.0014658891940802e+00
   3.0014857557431109e+00
   3.0015056219154737e+00
   3.0015254683397123e+00
   3.0015453348621990e+00
   3.0015651652430706e+00
   3.0015850316309884e+00
   3.0016048967427142e+00
   3.0016247482150611e+00
   3.0016446143533182e+00
   3.0016644803512396e+00
   3.0016843463801353e+00
   3.0017042123623270e+00
   3.0017240782776846e+00
   3.0017439441245442e+00
   3.0017638099034847e+00
   3.0017836754697433e+00
   3.0018035397489684e+00
   3.0018234025147637e+00
   3.0018432188807340e+00
   3.0018630843271512e+00
   3.0018829497013049e+00
   3.0019028150040383e+00
   3.0019226802368100e+00
   3.0019425312704611e+00
   3.0019623963408013e+00
   3.0019822613380818e+00
   3.0019822613380818e+00
   3.0020021262290251e+00
   3.0020219910784971e+00
   3.0020418503565303e+00
   3.0020616912508036e+00
   3.0020815558679477e+00
   3.0021014204098337e+00
   3.0021212848757539e+00
   3.0021411492653463e+00
   3.0021610135779921e+00
   3.0021808778130614e+00
   3.0022007419694487e+00
   3.0022206060487835e+00
   3.0022404700473126e+00
   3.0022603339661407e+00
   3.0022801978058062e+00
   3.0023000615660673e+00
   3.0023199252464550e+00
   3.0023397888459535e+00
   3.0023596523633480e+00
   3.0023795157994186e+00
   3.0023993791533732e+00
   3.0024192424240566e+00
   3.0024391056128112e+00
   3.0024589687188432e+00
   3.0024788317392863e+00
   3.0024986946758210e+00
   3.0025185564179737e+00
   3.0025384191905191e+00
   3.0025582818756926e+00
   3.0025781444757222e+00
   3.0025980069880638e+00
   3.0026178694146592e+00
   3.0026377317537953e+00
   3.0026575940070011e+00
   3.0026774561710972e+00
   3.0026973182463363e+00
   3.0027171802340624e+00
   3.0027370403121640e+00
   3.0027569021152205e+00
   3.0027767638259886e+00
   3.0027966254489376e+00
   3.0028164869799734e+00
   3.0028363484180973e+00
   3.0028562097672045e+00
   3.0028760710223872e+00
   3.0028959321855475e+00
   3.0029157932558022e+00
   3.0029356542315910e+00
   3.0029555151141021e+00
   3.0029753759023308e+00
   3.0029952365967953e+00
   3.0030150971956320e+00
   3.0030349576991737e+00
   3.0030548181070107e+00
   3.0030746784170290e+00
   3.0030945386335044e+00
   3.0031143987516447e+00
   3.0031342041600300e+00
   3.0031540641116496e+00
   3.0031739239665827e+00
   3.0031937837221210e+00
   3.0032136433790924e+00
   3.0032335029367259e+00
   3.0032533623931705e+00
   3.0032732217520057e+00
   3.0032930810081826e+00
   3.0033129401643666e+00
   3.0033327992190140e+00
   3.0033526581717362e+00
   3.0033725170229655e+00
   3.0033923757707690e+00
   3.0034122344154262e+00
   3.0034320929558342e+00
   3.0034519513935733e+00
   3.0034718097261268e+00
   3.0034916679551324e+00
   3.0035115260790413e+00
   3.0035313840963704e+00
   3.0035512420069415e+00
   3.0035710998121594e+00
   3.0035909575119231e+00
   3.0036108151042327e+00
   3.0036306725872510e+00
   3.0036505299635898e+00
   3.0036703872330097e+00
   3.0036902443911933e+00
   3.0037101014413898e+00
   3.0037299583813977e+00
   3.0037498152110103e+00
   3.0037696719308369e+00
   3.0037895285393126e+00
   3.0038093850370031e+00
   3.0038292414238974e+00
   3.0038490975106860e+00
   3.0038689536704131e+00
   3.0038888097171412e+00
   3.0039086656509442e+00
   3.0039285214706446e+00
   3.0039483678246066e+00
   3.0039682234313978e+00
   3.0039682234313978e+00
   3.0039880789230580e+00
   3.0040079343010153e+00
   3.0040277274757581e+00
   3.0040475826552262e+00
   3.0040674377183540e+00
   3.0040872926655919e+00
   3.0041071474952106e+00
   3.0041269933442423e+00
   3.0041468479536828e+00
   3.0041667024432139e+00
   3.0041865567815806e+00
   3.0042064110356290e+00
   3.0042262651680804e+00
   3.0042461044191855e+00
   3.0042659583305102e+00
   3.0042858121214353e+00
   3.0043056657912413e+00
   3.0043255193393348e+00
   3.0043453727655716e+00
   3.0043652260706741e+00
   3.0043850792519082e+00
   3.0044049323099373e+00
   3.0044247852441441e+00
   3.0044446140326042e+00
   3.0044644278264006e+00
   3.0044842723487322e+00
   3.0045041248002815e+00
   3.0045239771258458e+00
   3.0045438100680446e+00
   3.0045636603537709e+00
   3.0045835122834785e+00
   3.0046033585125933e+00
   3.0046232077155999e+00
   3.0046430591104016e+00
   3.0046629105371703e+00
   3.0046827617741503e+00
   3.0047026120842215e+00
   3.0047224414101708e+00
   3.0047422902094372e+00
   3.0047621410201280e+00
   3.0047819766558774e+00
   3.0048018271878645e+00
   3.0048216757396120e+00
   3.0048415076487696e+00
   3.0048613484622995e+00
   3.0048811911024038e+00
   3.0049010396448690e+00
   3.0049208888520265e+00
   3.0049407373905965e+00
   3.0049605769982848e+00
   3.0049804263252269e+00
   3.0050002753651506e+00
   3.0050201123435922e+00
   3.0050399603357580e+00
   3.0050598085538622e+00
   3.0050796481191906e+00
   3.0050994904695698e+00
   3.0051192921127599e+00
   3.0051391389943061e+00
   3.0051589763861735e+00
   3.0051788233034435e+00
   3.0051986627509266e+00
   3.0052185081745288e+00
   3.0052383496489306e+00
   3.0052581911760776e+00
   3.0052780377056427e+00
   3.0052977538844234e+00
   3.0053175991470416e+00
   3.0053374432650162e+00
   3.0053572886128892e+00
   3.0053770872440100e+00
   3.0053968984138417e+00
   3.0054167416347153e+00
   3.0054365876626257e+00
   3.0054564322766484e+00
   3.0054762733677189e+00
   3.0054961155331581e+00
   3.0055159609437179e+00
   3.0055357769718878e+00
   3.0055556203396732e+00
   3.0055754265900965e+00
   3.0055952634973013e+00
   3.0056151034015204e+00
   3.0056349280231989e+00
   3.0056547724436240e+00
   3.0056746152756952e+00
   3.0056944349958248e+00
   3.0057142767660259e+00
   3.0057341206010553e+00
   3.0057539608244501e+00
   3.0057738043071258e+00
   3.0057936453091649e+00
   3.0058134869371642e+00
   3.0058333281993832e+00
   3.0058531710347012e+00
   3.0058729949177669e+00
   3.0058928333065262e+00
   3.0059125499394144e+00
   3.0059323887856317e+00
   3.0059522303257387e+00
   3.0059522303257387e+00
   3.0059720715333880e+00
   3.0059919104942074e+00
   3.0060117514931082e+00
   3.0060315929899324e+00
   3.0060513678356724e+00
   3.0060712067282358e+00
   3.0060910473019833e+00
   3.0061108648962209e+00
   3.0061307053833568e+00
   3.0061505439561893e+00
   3.0061703194756162e+00
   3.0061901595341300e+00
   3.0062099993992017e+00
   3.0062298370825333e+00
   3.0062496760286637e+00
   3.0062695152084471e+00
   3.0062893529018480e+00
   3.0063091879712847e+00
   3.0063290229346333e+00
   3.0063488617625311e+00
   3.0063687003675050e+00
   3.0063885233855054e+00
   3.0064082772333109e+00
   3.0064281034223228e+00
   3.0064479414714014e+00
   3.0064677792820396e+00
   3.0064876168551473e+00
   3.0065074542123531e+00
   3.0065272915845189e+00
   3.0065471286959973e+00
   3.0065669648530959e+00
   3.0065868017102519e+00
   3.0066066367968522e+00
   3.0066264303768655e+00
   3.0066462536030683e+00
   3.0066660744367093e+00
   3.0066859104212060e+00
   3.0067057462070395e+00
   3.0067255818862977e+00
   3.0067454168347139e+00
   3.0067652421196347e+00
   3.0067850772229421e+00
   3.0068049121573974e+00
   3.0068247452903538e+00
   3.0068445798518897e+00
   3.0068644141817167e+00
   3.0068842441921793e+00
   3.0069040577710835e+00
   3.0069238915685697e+00
   3.0069437252801325e+00
   3.0069635587862282e+00
   3.0069833771035528e+00
   3.0070032101364039e+00
   3.0070230428155789e+00
   3.0070428755219902e+00
   3.0070627063874449e+00
   3.0070825386701916e+00
   3.0071023708697879e+00
   3.0071222027371016e+00
   3.0071420330179661e+00
   3.0071618645817337e+00
   3.0071816960219033e+00
   3.0072015272741739e+00
   3.0072213578987110e+00
   3.0072411887479746e+00
   3.0072610194084763e+00
   3.0072808498825756e+00
   3.0073006801790094e+00
   3.0073205102902816e+00
   3.0073403401550349e+00
   3.0073601582952212e+00
   3.0073799878411043e+00
   3.0073997973665736e+00
   3.0074196264907775e+00
   3.0074393155970909e+00
   3.0074591444686396e+00
   3.0074789731933929e+00
   3.0074988017212245e+00
   3.0075186300075005e+00
   3.0075384580755249e+00
   3.0075582860211179e+00
   3.0075781136776238e+00
   3.0075979412139855e+00
   3.0076177564660584e+00
   3.0076375824570754e+00
   3.0076574093019106e+00
   3.0076772360551534e+00
   3.0076970625703021e+00
   3.0077168889099752e+00
   3.0077367150495227e+00
   3.0077565410013478e+00
   3.0077760639877580e+00
   3.0077958767427138e+00
   3.0078157021269560e+00
   3.0078355273484192e+00
   3.0078553335821501e+00
   3.0078751584391168e+00
   3.0078948912136902e+00
   3.0079146516432775e+00
   3.0079344626744784e+00
   3.0079344626744784e+00
   3.0079542868820122e+00
   3.0079741108409435e+00
   3.0079939346153588e+00
   3.0080137580881985e+00
   3.0080335798337767e+00
   3.0080534029671311e+00
   3.0080732258613732e+00
   3.0080930328250894e+00
   3.0081128553616807e+00
   3.0081326776528754e+00
   3.0081524032328373e+00
   3.0081722091222893e+00
   3.0081918418333120e+00
   3.0082116059397643e+00
   3.0082314273951076e+00
   3.0082512122732878e+00
   3.0082710331120488e+00
   3.0082908538942736e+00
   3.0083106485444313e+00
   3.0083304683413177e+00
   3.0083502884169726e+00
   3.0083701082611518e+00
   3.0083898543081529e+00
   3.0084096738053638e+00
   3.0084294930756244e+00
   3.0084493112344948e+00
   3.0084691300435940e+00
   3.0084889486259638e+00
   3.0085087669434074e+00
   3.0085285562947650e+00
   3.0085483741828294e+00
   3.0085681918144451e+00
   3.0085880092315076e+00
   3.0086078264266494e+00
   3.0086276433658621e+00
   3.0086474600945081e+00
   3.0086672748127503e+00
   3.0086870910509180e+00
   3.0087069070030128e+00
   3.0087266953005063e+00
   3.0087465107785238e+00
   3.0087663260092223e+00
   3.0087861274583494e+00
   3.0088059422586317e+00
   3.0088257567241907e+00
   3.0088455576170179e+00
   3.0088653703171566e+00
   3.0088851841338693e+00
   3.0089049977113480e+00
   3.0089248110399960e+00
   3.0089446241202573e+00
   3.0089644369499777e+00
   3.0089842494131718e+00
   3.0090040609360158e+00
   3.0090238730190260e+00
   3.0090436848472990e+00
   3.0090634964296354e+00
   3.0090833077683596e+00
   3.0091031188403368e+00
   3.0091229296602018e+00
   3.0091427402391604e+00
   3.0091624619141610e+00
   3.0091822694353452e+00
   3.0092020791206227e+00
   3.0092218885515565e+00
   3.0092416944532729e+00
   3.0092614881093369e+00
   3.0092812947844445e+00
   3.0093010631451431e+00
   3.0093208712981032e+00
   3.0093406791460340e+00
   3.0093604756779246e+00
   3.0093802830197456e+00
   3.0094000901251499e+00
   3.0094198895786359e+00
   3.0094396961253818e+00
   3.0094595024057340e+00
   3.0094793078178643e+00
   3.0094991135605409e+00
   3.0095189104143332e+00
   3.0095386555467876e+00
   3.0095584605468995e+00
   3.0095782601042309e+00
   3.0095980645514402e+00
   3.0096177737038179e+00
   3.0096375777206230e+00
   3.0096573814329783e+00
   3.0096771848719053e+00
   3.0096969712496695e+00
   3.0097167741899833e+00
   3.0097365768509827e+00
   3.0097563792321775e+00
   3.0097761805523189e+00
   3.0097959819703837e+00
   3.0098157483018335e+00
   3.0098355424570076e+00
   3.0098553151230218e+00
   3.0098751157169072e+00
   3.0098949128103323e+00
   3.0099147097390526e+00
   3.0099147097390526e+00
   3.0099345094818108e+00
   3.0099543061918617e+00
   3.0099741052667954e+00
   3.0099938496788536e+00
   3.0100136413681926e+00
   3.0100334318190121e+00
   3.0100532297562830e+00
   3.0100730141898020e+00
   3.0100928114673247e+00
   3.0101124708780400e+00
   3.0101322674095354e+00
   3.0101520561999582e+00
   3.0101718521127574e+00
   3.0101916477190422e+00
   3.0102113788972011e+00
   3.0102311630457179e+00
   3.0102509577942298e+00
   3.0102706693709824e+00
   3.0102904557492360e+00
   3.0103102497717722e+00
   3.0103300024059920e+00
   3.0103497957846193e+00
   3.0103695889454984e+00
   3.0103893817575664e+00
   3.0104091577679566e+00
   3.0104289499420047e+00
   3.0104484449584654e+00
   3.0104682367380251e+00
   3.0104880164488095e+00
   3.0105077194116818e+00
   3.0105275095100090e+00
   3.0105468596572478e+00
   3.0105666501814818e+00
   3.0105864403141225e+00
   3.0106062242214540e+00
   3.0106258763197165e+00
   3.0106456587354451e+00
   3.0106653941434760e+00
   3.0106851829452306e+00
   3.0107047445494222e+00
   3.0107244434914855e+00
   3.0107442314602242e+00
   3.0107640191196490e+00
   3.0107837854090187e+00
   3.0108035723435189e+00
   3.0108226797060316e+00
   3.0108424626289820e+00
   3.0108622490342309e+00
   3.0108820351352152e+00
   3.0109018123501792e+00
   3.0109215898291484e+00
   3.0109413748959661e+00
   3.0109611596272461e+00
   3.0109809424821816e+00
   3.0110004010883049e+00
   3.0110201846834528e+00
   3.0110399675592490e+00
   3.0110596452192429e+00
   3.0110793923048260e+00
   3.0110991747290279e+00
   3.0111189568299861e+00
   3.0111387385781598e+00
   3.0111585199646478e+00
   3.0111782977288715e+00
   3.0111979298338669e+00
   3.0112177094992632e+00
   3.0112374895522800e+00
   3.0112572692468258e+00
   3.0112770485884330e+00
   3.0112968276033483e+00
   3.0113164584303940e+00
   3.0113362358246887e+00
   3.0113559915843799e+00
   3.0113757692912522e+00
   3.0113955466129170e+00
   3.0114153235564594e+00
   3.0114350986162237e+00
   3.0114548095591793e+00
   3.0114745845910136e+00
   3.0114943418402573e+00
   3.0115141170454929e+00
   3.0115338305010901e+00
   3.0115535621644494e+00
   3.0115733362705899e+00
   3.0115931099565496e+00
   3.0116127656337190e+00
   3.0116325384474085e+00
   3.0116522588306514e+00
   3.0116720030387865e+00
   3.0116917749132832e+00
   3.0117115060549615e+00
   3.0117312772457669e+00
   3.0117510480321652e+00
   3.0117708183566227e+00
   3.0117905550858439e+00
   3.0118103246323011e+00
   3.0118300929555892e+00
   3.0118498607448161e+00
   3.0118694849428218e+00
   3.0118892511837960e+00
   3.0118892511837960e+00
   3.0119089944062809e+00
   3.0119287606167751e+00
   3.0119484490736994e+00
   3.0119680132874569e+00
   3.0119877791236762e+00
   3.0120075279891023e+00
   3.0120272395823795e+00
   3.0120469828235112e+00
   3.0120667473083644e+00
   3.0120865108294375e+00
   3.0121062744545650e+00
   3.0121260376439900e+00
   3.0121457663312565e+00
   3.0121655279978117e+00
   3.0121851708284191e+00
   3.0122048443308822e+00
   3.0122246056628539e+00
   3.0122443334827622e+00
   3.0122640675743138e+00
   3.0122838270040830e+00
   3.0123035855425742e+00
   3.0123232880504176e+00
   3.0123429507624144e+00
   3.0123623817006839e+00
   3.0123820607160745e+00
   3.0124018173337790e+00
   3.0124215736742728e+00
   3.0124413306909767e+00
   3.0124609184651652e+00
   3.0124806738050109e+00
   3.0125004296468827e+00
   3.0125201735768394e+00
   3.0125399283803516e+00
   3.0125596827469683e+00
   3.0125794313225174e+00
   3.0125991707899669e+00
   3.0126189237104484e+00
   3.0126386761351434e+00
   3.0126582476392851e+00
   3.0126779992939805e+00
   3.0126977503993189e+00
   3.0127174989119148e+00
   3.0127372490601094e+00
   3.0127569986361009e+00
   3.0127767478392813e+00
   3.0127964953036592e+00
   3.0128162435171468e+00
   3.0128359489028660e+00
   3.0128556838446308e+00
   3.0128754300050296e+00
   3.0128951763648537e+00
   3.0129149222047995e+00
   3.0129346674218591e+00
   3.0129544121890013e+00
   3.0129740578139197e+00
   3.0129938017322671e+00
   3.0130135315437556e+00
   3.0130332662379806e+00
   3.0130526915016840e+00
   3.0130724165163545e+00
   3.0130921544393328e+00
   3.0131118948129432e+00
   3.0131316222019384e+00
   3.0131512943090684e+00
   3.0131710339750706e+00
   3.0131907730669707e+00
   3.0132105109597265e+00
   3.0132302463195693e+00
   3.0132498350317372e+00
   3.0132695638147622e+00
   3.0132892958314601e+00
   3.0133090309604533e+00
   3.0133287082742761e+00
   3.0133484416884286e+00
   3.0133680941326859e+00
   3.0133878278914077e+00
   3.0134075365167043e+00
   3.0134272691729240e+00
   3.0134470011623344e+00
   3.0134667306470639e+00
   3.0134864615128305e+00
   3.0135061622857835e+00
   3.0135258918638170e+00
   3.0135455498426253e+00
   3.0135652328446927e+00
   3.0135849586386785e+00
   3.0136046859597325e+00
   3.0136243575619015e+00
   3.0136440751768108e+00
   3.0136638003110061e+00
   3.0136835166949578e+00
   3.0137032407149613e+00
   3.0137229640992378e+00
   3.0137426265253735e+00
   3.0137623488354786e+00
   3.0137818597709480e+00
   3.0138010845065235e+00
   3.0138208059135532e+00
   3.0138403415389319e+00
   3.0138600319295468e+00
   3.0138600319295468e+00
   3.0138796990199959e+00
   3.0138994169868938e+00
   3.0139191240143850e+00
   3.0139388418351940e+00
   3.0139584972840652e+00
   3.0139782116702665e+00
   3.0139979218111845e+00
   3.0140176369028140e+00
   3.0140372428548425e+00
   3.0140569567898026e+00
   3.0140766663283460e+00
   3.0140963777812195e+00
   3.0141160891002405e+00
   3.0141358002310796e+00
   3.0141555097592292e+00
   3.0141752194225684e+00
   3.0141949029909929e+00
   3.0142146112993222e+00
   3.0142343188802787e+00
   3.0142540152014052e+00
   3.0142736130647751e+00
   3.0142933187140448e+00
   3.0143129103136772e+00
   3.0143324826772582e+00
   3.0143521849525063e+00
   3.0143718610230055e+00
   3.0143915636581347e+00
   3.0144112655285316e+00
   3.0144309270253862e+00
   3.0144506238974396e+00
   3.0144703235955621e+00
   3.0144900224923674e+00
   3.0145097206246483e+00
   3.0145294179624780e+00
   3.0145491145051277e+00
   3.0145688068263250e+00
   3.0145884213253034e+00
   3.0146080572643399e+00
   3.0146277505663432e+00
   3.0146474430941033e+00
   3.0146670703277141e+00
   3.0146867589858233e+00
   3.0147064478338912e+00
   3.0147261048729637e+00
   3.0147456656063603e+00
   3.0147653538735026e+00
   3.0147850412880306e+00
   3.0148047125321815e+00
   3.0148243981568821e+00
   3.0148440829103649e+00
   3.0148637488659098e+00
   3.0148833560055444e+00
   3.0149030385762918e+00
   3.0149227184544420e+00
   3.0149423992166238e+00
   3.0149620654472216e+00
   3.0149817312386276e+00
   3.0150014008861534e+00
   3.0150210611653976e+00
   3.0150407287895562e+00
   3.0150604011938387e+00
   3.0150800757574419e+00
   3.0150997493783538e+00
   3.0151193563713710e+00
   3.0151390208933360e+00
   3.0151586919227853e+00
   3.0151781700495643e+00
   3.0151974820467031e+00
   3.0152171201408575e+00
   3.0152367879464448e+00
   3.0152564547626373e+00
   3.0152760271126531e+00
   3.0152956922940821e+00
   3.0153152808743546e+00
   3.0153349441188375e+00
   3.0153546063397600e+00
   3.0153742675297410e+00
   3.0153939049708320e+00
   3.0154135508253126e+00
   3.0154330910154368e+00
   3.0154527433419376e+00
   3.0154723716787704e+00
   3.0154920272114345e+00
   3.0155116816666130e+00
   3.0155313350347117e+00
   3.0155509863689116e+00
   3.0155706375736351e+00
   3.0155899526250249e+00
   3.0156096021064149e+00
   3.0156291800665005e+00
   3.0156488275202165e+00
   3.0156684738374633e+00
   3.0156879662249225e+00
   3.0157076106962357e+00
   3.0157272540044486e+00
   3.0157468961424212e+00
   3.0157665371040490e+00
   3.0157861499699452e+00
   3.0158057367401714e+00
   3.0158252162132388e+00
   3.0158252162132388e+00
   3.0158448366720139e+00
   3.0158642099432065e+00
   3.0158835870778051e+00
   3.0159032206764285e+00
   3.0159227345640054e+00
   3.0159423658977245e+00
   3.0159619959665105e+00
   3.0159815734965267e+00
   3.0160012007800541e+00
   3.0160208267706565e+00
   3.0160403036878010e+00
   3.0160595936165100e+00
   3.0160792160809073e+00
   3.0160988372154311e+00
   3.0161184570109043e+00
   3.0161380754548968e+00
   3.0161576925385742e+00
   3.0161773082500161e+00
   3.0161969225796832e+00
   3.0162165355194639e+00
   3.0162361330473297e+00
   3.0162557430752863e+00
   3.0162753516794951e+00
   3.0162946476781811e+00
   3.0163142541849091e+00
   3.0163338592346145e+00
   3.0163532786833098e+00
   3.0163726850733412e+00
   3.0163922867205724e+00
   3.0164118868644625e+00
   3.0164314836453254e+00
   3.0164510807121117e+00
   3.0164706762432218e+00
   3.0164902702227709e+00
   3.0165098626393778e+00
   3.0165294534808331e+00
   3.0165490427337338e+00
   3.0165684698110926e+00
   3.0165880563163712e+00
   3.0166076411948723e+00
   3.0166272244341963e+00
   3.0166468060202458e+00
   3.0166663859369462e+00
   3.0166854414116684e+00
   3.0167050192775964e+00
   3.0167245954352184e+00
   3.0167441698690380e+00
   3.0167636152348773e+00
   3.0167831728159640e+00
   3.0168024732263659e+00
   3.0168220413587545e+00
   3.0168416076950795e+00
   3.0168611722191128e+00
   3.0168807349154654e+00
   3.0169002957677078e+00
   3.0169198547627261e+00
   3.0169393624564358e+00
   3.0169587107320170e+00
   3.0169782647885044e+00
   3.0169978169202469e+00
   3.0170173598967773e+00
   3.0170367670417897e+00
   3.0170563139341073e+00
   3.0170758588312436e+00
   3.0170954017169720e+00
   3.0171149425696431e+00
   3.0171344813724095e+00
   3.0171540181076280e+00
   3.0171735527561436e+00
   3.0171930851514177e+00
   3.0172126155761667e+00
   3.0172321438553591e+00
   3.0172516699668854e+00
   3.0172711938931109e+00
   3.0172907156101445e+00
   3.0173102350998602e+00
   3.0173297523377198e+00
   3.0173492673037607e+00
   3.0173687799790172e+00
   3.0173882622502908e+00
   3.0174077704362929e+00
   3.0174272762604066e+00
   3.0174467797015057e+00
   3.0174662325260031e+00
   3.0174857314458365e+00
   3.0175052279118559e+00
   3.0175246826484083e+00
   3.0175441743871354e+00
   3.0175636635941188e+00
   3.0175831502480488e+00
   3.0176026343177309e+00
   3.0176221157816223e+00
   3.0176406509861367e+00
   3.0176601293843275e+00
   3.0176794576234909e+00
   3.0176984284959394e+00
   3.0177177578334460e+00
   3.0177372273114083e+00
   3.0177566939896137e+00
   3.0177761578401756e+00
   3.0177761578401756e+00
   3.0177956188336017e+00
   3.0178150769352428e+00
   3.0178345321154247e+00
   3.0178538939149679e+00
   3.0178733435136809e+00
   3.0178924368815783e+00
   3.0179118809596783e+00
   3.0179313209615488e+00
   3.0179507588132766e+00
   3.0179701935107297e+00
   3.0179895919320665e+00
   3.0180089915028998e+00
   3.0180282273136774e+00
   3.0180474137379769e+00
   3.0180668340041441e+00
   3.0180862508968076e+00
   3.0181056643764541e+00
   3.0181250744028696e+00
   3.0181439372393459e+00
   3.0181633415986546e+00
   3.0181827423850791e+00
   3.0182020582369860e+00
   3.0182212652648475e+00
   3.0182406506363506e+00
   3.0182591141082273e+00
   3.0182784992363265e+00
   3.0182978102640359e+00
   3.0183171880475888e+00
   3.0183365618960365e+00
   3.0183559317574988e+00
   3.0183752975840923e+00
   3.0183946593233295e+00
   3.0184139748825030e+00
   3.0184332894162700e+00
   3.0184526391992605e+00
   3.0184719846789365e+00
   3.0184913258011408e+00
   3.0185105317911458e+00
   3.0185298645244418e+00
   3.0185491753663278e+00
   3.0185684992203847e+00
   3.0185878184183821e+00
   3.0186071328962782e+00
   3.0186264425909783e+00
   3.0186456720065618e+00
   3.0186649723696046e+00
   3.0186842144920027e+00
   3.0187034447279348e+00
   3.0187225744828226e+00
   3.0187418514732056e+00
   3.0187609479453079e+00
   3.0187799134449351e+00
   3.0187991589821981e+00
   3.0188183595490128e+00
   3.0188375356201385e+00
   3.0188746613918900e+00
   3.0188566528358796e+00
   3.0188938824910272e+00
   3.0189126522783543e+00
   3.0189314510172673e+00
   3.0189506756373818e+00
   3.0189681207438204e+00
   3.0189872925385588e+00
   3.0190065008093931e+00
   3.0190257025752816e+00
   3.0190446810065401e+00
   3.0190634908880614e+00
   3.0190826260760484e+00
   3.0191018042885700e+00
   3.0191209753050199e+00
   3.0191553285956205e+00
   3.0191744789809825e+00
   3.0191399009468207e+00
   3.0191935046008629e+00
   3.0192120211003237e+00
   3.0192304174940849e+00
   3.0192786390519761e+00
   3.0192493421424311e+00
   3.0192975815704504e+00
   3.0193164604818641e+00
   3.0193199272180085e+00
   3.0192676522850128e+00
   3.0193385543815729e+00
   3.0193576033943077e+00
   3.0193757279555533e+00
   3.0193947552780269e+00
   3.0194137691316119e+00
   3.0194326560715461e+00
   3.0194516064818333e+00
   3.0195071720442295e+00
   3.0194705754927620e+00
   3.0194895731077129e+00
   3.0195254253080890e+00
   3.0195443453537862e+00
   3.0195631476514051e+00
   3.0195811924742646e+00
   3.0196000057187051e+00
   3.0196187949772453e+00
   3.0196376884940164e+00
   3.0196566020161217e+00
   3.0196566020161217e+00
   3.0196754831474992e+00
   3.0196922867188007e+00
   3.0197110903525455e+00
   3.0197294123381706e+00
   3.0197481166472362e+00
   3.0197669566851468e+00
   3.0197857825669390e+00
   3.0198045042561827e+00
   3.0198229977828124e+00
   3.0198416880059624e+00
   3.0198604546523193e+00
   3.0198792051914696e+00
   3.0198979393471665e+00
   3.0199166449577355e+00
   3.0199353448758122e+00
   3.0199526896768925e+00
   3.0199713324528719e+00
   3.0199899493852471e+00
   3.0200082304978948e+00
   3.0200268023753774e+00
   3.0200453890324765e+00
   3.0200638494375114e+00
   3.0200822098443867e+00
   3.0201007288905544e+00
   3.0201549752529147e+00
   3.0201189859169837e+00
   3.0201374608849787e+00
   3.0201718354631950e+00
   3.0202073413707748e+00
   3.0201890725583009e+00
   3.0202255359131844e+00
   3.0202438208351845e+00
   3.0202621108611831e+00
   3.0202800202083009e+00
   3.0202981485504026e+00
   3.0203162762959863e+00
   3.0203337288921004e+00
   3.0203515698788856e+00
   3.0203696504410771e+00
   3.0203876995803878e+00
   3.0204057083990450e+00
   3.0204234083747838e+00
   3.0204413326389097e+00
   3.0204763102571994e+00
   3.0204591809380603e+00
   3.0204940981804085e+00
   3.0205107156579194e+00
   3.0205283939989167e+00
   3.0205460184711157e+00
   3.0205635888967666e+00
   3.0205810830353088e+00
   3.0206156331016571e+00
   3.0205985307037251e+00
   3.0206329524145996e+00
   3.0206502009167493e+00
   3.0206665866291025e+00
   3.0206836856762935e+00
   3.0207005519922001e+00
   3.0207174818630702e+00
   3.0207343226336922e+00
   3.0207670964714750e+00
   3.0207504987516112e+00
   3.0207836377783286e+00
   3.0208000669226114e+00
   3.0208161006912890e+00
   3.0208482069180649e+00
   3.0208322989612104e+00
   3.0212681623103599e+00
   3.0212677772823238e+00
   3.0212673530517908e+00
   3.0208639490785658e+00
   3.0212682636629338e+00
   3.0212668864702836e+00
   3.0212658470822933e+00
   3.0208797479855836e+00
   3.0212651624293168e+00
   3.0212663989320037e+00
   3.0212663989320037e+00
   3.0208953983659943e+00
   3.0212643967601966e+00
   3.0209108909875941e+00
   3.0212617359067333e+00
   3.0212617359067333e+00
   3.0212363736986179e+00
   3.0212635610433241e+00
   3.0212404771484609e+00
   3.0212577545521042e+00
   3.0212319741161071e+00
   3.0212626601881993e+00
   3.0212626601881993e+00
   3.0212605884128112e+00
   3.0212592661940407e+00
   3.0212592661940407e+00
   3.0212623815149109e+00
   3.0212607940274032e+00
   3.0209259476671995e+00
   3.0212640733646992e+00
   3.0212272457299680e+00
   3.0212469979940009e+00
   3.0212561830453537e+00
   3.0212438650532936e+00
   3.0212438650532936e+00
   3.0212621619228019e+00
   3.0212220751349355e+00
   3.0212220751349355e+00
   3.0212612854533427e+00
   3.0212634139003858e+00
   3.0212105375934755e+00
   3.0209407153115388e+00
   3.0212165395080990e+00
   3.0212544407841930e+00
   3.0209556295451594e+00
   3.0212040717436315e+00
   3.0212495826558343e+00
   3.0211908279673083e+00
   3.0211831804001026e+00
   3.0211972991801992e+00
   3.0211751573209362e+00
   3.0211667745143798e+00
   3.0212526478461781e+00
   3.0212627302277704e+00
   3.0211580123214836e+00
   3.0211099245349371e+00
   3.0212471721866718e+00
   3.0210989460342361e+00
   3.0210874883549761e+00
   3.0210755956011597e+00
   3.0211301427943189e+00
   3.0211490505743299e+00
   3.0210632993222437e+00
   3.0212507768364381e+00
   3.0212507768364381e+00
   3.0211201786393453e+00
   3.0209841323739774e+00
   3.0209697271577207e+00
   3.0211396987941113e+00
   3.0212447150089674e+00
   3.0210508748076683e+00
   3.0210379756131194e+00
   3.0209978331957026e+00
   3.0210248558028492e+00
   3.0210114051251740e+00
