  -5.7484695098940797e-01   3.6071630638561003e-02   8.1865668216082699e-01   7.2606157096335999e-02  -4.2602727651891098e-01   6.9363383439440998e-02   6.2513373759978288e+00
  -5.7584007111642033e-01   3.6014245394674842e-02   8.1797225691820230e-01   7.2490929739948404e-02  -4.2503932228949698e-01   6.9355704773994942e-02   6.2513329730169378e+00
  -5.7683316946064700e-01   3.5956755046091818e-02   8.1728606900122203e-01   7.2375489849102762e-02  -4.2405140510717032e-01   6.9347817763637118e-02   6.2513285760782411e+00
  -5.7782624667967497e-01   3.5899163582471194e-02   8.1659811338354227e-01   7.2259845452841129e-02  -4.2306352364747352e-01   6.9339729571577718e-02   6.2513241851698966e+00
  -5.7881929472260329e-01   3.5841424033193195e-02   8.1590839337764276e-01   7.2143902003212731e-02  -4.2207569403729517e-01   6.9331348112483510e-02   6.2513198002802790e+00
  -5.7981232292756235e-01   3.5783591225760455e-02   8.1521689558012445e-01   7.2027769857104088e-02  -4.2108789755668463e-01   6.9322779389623057e-02   6.2513154213974067e+00
  -5.8080532706938126e-01   3.5725640590692220e-02   8.1452361958013175e-01   7.1911399559450515e-02  -4.2010014266595380e-01   6.9313974885974322e-02   6.2513110485098062e+00
  -5.8179830694931201e-01   3.5667571135364382e-02   8.1382856107819423e-01   7.1794789109221102e-02  -4.1911242975642810e-01   6.9304931934576583e-02   6.2513066816057066e+00
  -5.8279125928725717e-01   3.5609363896820942e-02   8.1313171872718315e-01   7.1677900333351696e-02  -4.1812476539450399e-01   6.9295612628641576e-02   6.2513023206735454e+00
  -5.8378419103824841e-01   3.5551059629434764e-02   8.1243308126232083e-01   7.1560815263998601e-02  -4.1713713563563504e-01   6.9286096066889097e-02   6.2512979657017738e+00
  -5.8477710111684988e-01   3.5492652133665162e-02   8.1173264514736077e-01   7.1443521420908221e-02  -4.1614954264803627e-01   6.9276369512242406e-02   6.2512936166785771e+00
  -5.8576998764864485e-01   3.5434130635294887e-02   8.1103040759105249e-01   7.1325997115084444e-02  -4.1516199018089150e-01   6.9266411142976395e-02   6.2512892735925725e+00
  -5.8676285076522239e-01   3.5375496061234843e-02   8.1032636383401779e-01   7.1208244208119109e-02  -4.1417447796343965e-01   6.9256222078390425e-02   6.2512849364322944e+00
  -5.8775569001411554e-01   3.5316745939693486e-02   8.0962050965649424e-01   7.1090257724989919e-02  -4.1318700689538146e-01   6.9245796738064580e-02   6.2512806051860972e+00
  -5.8874850254507827e-01   3.5257863880795236e-02   8.0891284315276235e-01   7.0972004669573013e-02  -4.1219958268129481e-01   6.9235101971621291e-02   6.2512762798425987e+00
  -5.8974129234721218e-01   3.5198873237177235e-02   8.0820335572270441e-01   7.0853532046967843e-02  -4.1121219731997938e-01   6.9224183164323355e-02   6.2512719603904765e+00
  -5.9073405841347848e-01   3.5139768317804007e-02   8.0749204360242588e-01   7.0734828400359634e-02  -4.1022485282233279e-01   6.9213028354070727e-02   6.2512676468180883e+00
  -5.9172680198611771e-01   3.5080556483096909e-02   8.0677890080110293e-01   7.0615908544469724e-02  -4.0923754669156587e-01   6.9201651441570949e-02   6.2512633391143302e+00
  -5.9271952365622715e-01   3.5021241302777131e-02   8.0606392193006360e-01   7.0496779662078624e-02  -4.0825027773577244e-01   6.9190058867786536e-02   6.2512590372677357e+00
  -5.9371221908651473e-01   3.4961797815329834e-02   8.0534710641177998e-01   7.0377391505360154e-02  -4.0726305463948931e-01   6.9178200244631644e-02   6.2512547412668749e+00
  -5.9470489287619854e-01   3.4902252810484646e-02   8.0462844486739149e-01   7.0257797998248578e-02  -4.0627586817849221e-01   6.9166128187747297e-02   6.2512504511007965e+00
  -5.9569754110138140e-01   3.4842583748719826e-02   8.0390793626394108e-01   7.0137953766509942e-02  -4.0528872620875622e-01   6.9153797006519538e-02   6.2512461667578618e+00
  -5.9669016245622042e-01   3.4782783273634321e-02   8.0318557697648019e-01   7.0017843999608420e-02  -4.0430163133968461e-01   6.9141191134649685e-02   6.2512418882270540e+00
  -5.9768276162612954e-01   3.4722878621299330e-02   8.0246135743182290e-01   6.9897523523077737e-02  -4.0331457417422806e-01   6.9128364293122496e-02   6.2512376154971587e+00
  -5.9867533791578731e-01   3.4662865923270343e-02   8.0173527332816252e-01   6.9776984546342402e-02  -4.0232755609803239e-01   6.9115308051356419e-02   6.2512333485570606e+00
  -5.9966788847848407e-01   3.4602728927692415e-02   8.0100732247030682e-01   6.9656194352361783e-02  -4.0134058280834328e-01   6.9101989014886067e-02   6.2512290873954415e+00
  -6.0066041692505423e-01   3.4542488609881211e-02   8.0027749623325717e-01   6.9535195163541411e-02  -4.0035364706131715e-01   6.9088448597471097e-02   6.2512248320014789e+00
  -6.0165292451388230e-01   3.4482152349302617e-02   7.9954578827992662e-01   6.9414001832299163e-02  -3.9936674632719060e-01   6.9074701030913815e-02   6.2512205823638469e+00
  -6.0264540508537978e-01   3.4421684857485139e-02   7.9881219962563454e-01   6.9292543320410432e-02  -3.9837989294223186e-01   6.9060674392476040e-02   6.2512163384714556e+00
  -6.0363786042961032e-01   3.4361096619714399e-02   7.9807672335723590e-01   6.9170840731064609e-02  -3.9739308331116868e-01   6.9046388976294309e-02   6.2512121003134897e+00
  -6.0463029205277430e-01   3.4300396460904978e-02   7.9733935280168711e-01   6.9048911828235762e-02  -3.9640631440759122e-01   6.9031861841441305e-02   6.2512078678789420e+00
  -6.0562270104669880e-01   3.4239590804083772e-02   7.9660008165874985e-01   6.8926769540789648e-02  -3.9541958403547600e-01   6.9017105276954566e-02   6.2512036411565770e+00
  -6.0661507879546250e-01   3.4178630403296550e-02   7.9585891332406256e-01   6.8804314728624680e-02  -3.9443290945344422e-01   6.9002018411298660e-02   6.2511994201357801e+00
  -6.0760743572422371e-01   3.4117575232148124e-02   7.9511583208867243e-01   6.8681668122227896e-02  -3.9344626976099839e-01   6.8986722253701643e-02   6.2511952048053852e+00
  -6.0859977053234993e-01   3.4056417968091945e-02   7.9437083394087515e-01   6.8558814979828575e-02  -3.9245966755652145e-01   6.8971201259919873e-02   6.2511909951546496e+00
  -6.0959208434616441e-01   3.3995165193599866e-02   7.9362391239819219e-01   6.8435768549645448e-02  -3.9147310057455142e-01   6.8955468204315973e-02   6.2511867911727164e+00
  -6.1058437192578308e-01   3.3933787080229399e-02   7.9287506736161051e-01   6.8312468782845193e-02  -3.9048657930772845e-01   6.8939461412646258e-02   6.2511825928486067e+00
  -6.1157663261981976e-01   3.3872280098322737e-02   7.9212429409263596e-01   6.8188908570089440e-02  -3.8950010505326499e-01   6.8923172735964905e-02   6.2511784001718267e+00
  -6.1256886758050710e-01   3.3810651022098501e-02   7.9137158599691171e-01   6.8065101546285728e-02  -3.8851367549362542e-01   6.8906615135123889e-02   6.2511742131313497e+00
  -6.1356107836704343e-01   3.3748908928502935e-02   7.9061693602478966e-01   6.7941065983416898e-02  -3.8752728749574850e-01   6.8889806391944225e-02   6.2511700317163976e+00
  -6.1455326789121034e-01   3.3687070577115792e-02   7.8986033570851444e-01   6.7816835618865950e-02  -3.8654093521563143e-01   6.8872780228718483e-02   6.2511658559163843e+00
  -6.1554543071544565e-01   3.3625105125235033e-02   7.8910178501833406e-01   6.7692348359476739e-02  -3.8555462954195818e-01   6.8855472362211054e-02   6.2511616857205619e+00
  -6.1653756796025971e-01   3.3563019146330877e-02   7.8834127724206626e-01   6.7567617435867616e-02  -3.8456836822068813e-01   6.8837895425525736e-02   6.2511575211182802e+00
  -6.1752968583183498e-01   3.3500848117497317e-02   7.8757880043556749e-01   6.7442714268810808e-02  -3.8358213880538133e-01   6.8820121967342857e-02   6.2511533620988677e+00
  -6.1852177747775905e-01   3.3438553199370780e-02   7.8681435592357141e-01   6.7317560664440140e-02  -3.8259595502012655e-01   6.8802070916211350e-02   6.2511492086518787e+00
  -6.1951384692943390e-01   3.3376157474701872e-02   7.8604793389791094e-01   6.7192203091692076e-02  -3.8160980877677220e-01   6.8783789275925655e-02   6.2511450607665573e+00
  -6.2050589032658077e-01   3.3313639176014945e-02   7.8527953257744643e-01   6.7066597725367466e-02  -3.8062370780292154e-01   6.8765231061177934e-02   6.2511409184322471e+00
  -6.2149790898145763e-01   3.3251005929940111e-02   7.8450914485798240e-01   6.6940759918128229e-02  -3.7963764945966777e-01   6.8746411232656152e-02   6.2511367816387269e+00
  -6.2248990120607006e-01   3.3188248340810203e-02   7.8373676667441905e-01   6.6814670752033539e-02  -3.7865163712098465e-01   6.8727309325252575e-02   6.2511326503751636e+00
  -6.2348186676772710e-01   3.3125365281531829e-02   7.8296239243572185e-01   6.6688327954665866e-02  -3.7766567124416256e-01   6.8707922023812651e-02   6.2511285246313104e+00
  -6.2447380908045591e-01   3.3062376265971194e-02   7.8218601275040756e-01   6.6561770810627252e-02  -3.7667974497817536e-01   6.8688289209362680e-02   6.2511244043966254e+00
  -6.2546572562321778e-01   3.2999267187581227e-02   7.8140762430095878e-01   6.6434970918248876e-02  -3.7569386336610933e-01   6.8668380519742014e-02   6.2511202896606850e+00
  -6.2645762034226005e-01   3.2936060529848904e-02   7.8062721705119076e-01   6.6307973540193063e-02  -3.7470801849016894e-01   6.8648242251495656e-02   6.2511161804130602e+00
  -6.2744948820218660e-01   3.2872727991373321e-02   7.7984479021345687e-01   6.6180721695974359e-02  -3.7372222043239922e-01   6.8627814157308023e-02   6.2511120766436017e+00
  -6.2844133200397623e-01   3.2809285573659842e-02   7.7906033485417403e-01   6.6053247599097725e-02  -3.7273646357007806e-01   6.8607128959665559e-02   6.2511079783415875e+00
  -6.2943315095498098e-01   3.2745728966890382e-02   7.7827384572014024e-01   6.5925542570858919e-02  -3.7175074948220649e-01   6.8586176722805314e-02   6.2511038854970131e+00
  -6.3042494760024814e-01   3.2682072684055506e-02   7.7748531404411070e-01   6.5797635827755552e-02  -3.7076507305882805e-01   6.8564987243447159e-02   6.2510997980993519e+00
  -6.3141671466270477e-01   3.2618275887212188e-02   7.7669474125336957e-01   6.5669445149169864e-02  -3.6977944887435954e-01   6.8543473293086590e-02   6.2510957161385843e+00
  -6.3240845992293204e-01   3.2554382585099254e-02   7.7590211304068346e-01   6.5541059135601404e-02  -3.6879386132604253e-01   6.8521727054668580e-02   6.2510916396043008e+00
  -6.3340018231862338e-01   3.2490386938028484e-02   7.7510742426455037e-01   6.5412466027648566e-02  -3.6780831253309065e-01   6.8499735402210785e-02   6.2510875684862572e+00
  -6.3439187921967566e-01   3.2426274313869130e-02   7.7431067139302134e-01   6.5283636364716652e-02  -3.6682280775675030e-01   6.8477466411143162e-02   6.2510835027743532e+00
  -6.3538354967169708e-01   3.2362039531440762e-02   7.7351184910939241e-01   6.5154559713545376e-02  -3.6583734889988762e-01   6.8454908093791178e-02   6.2510794424583800e+00
  -6.3637519518357455e-01   3.2297691246734241e-02   7.7271094946847563e-01   6.5025253498632862e-02  -3.6485193292857676e-01   6.8432077931336072e-02   6.2510753875282656e+00
  -6.3736681570347120e-01   3.2233229340479827e-02   7.7190796611651280e-01   6.4895717478222481e-02  -3.6386655993674044e-01   6.8408974753480900e-02   6.2510713379737517e+00
  -6.3835841049065722e-01   3.2168649833532972e-02   7.7110289338442994e-01   6.4765943638616708e-02  -3.6288123139875073e-01   6.8385589111807421e-02   6.2510672937849590e+00
  -6.3934997905390090e-01   3.2103950155863328e-02   7.7029572530025925e-01   6.4635926803564961e-02  -3.6189594828895139e-01   6.8361914520378458e-02   6.2510632549516574e+00
  -6.4034152359934593e-01   3.2039142838044266e-02   7.6948645299345220e-01   6.4505692198532555e-02  -3.6091070617571924e-01   6.8337976913040263e-02   6.2510592214638692e+00
  -6.4133304179162565e-01   3.1974214982716721e-02   7.6867507235233856e-01   6.4375213855809771e-02  -3.5992550972920800e-01   6.8313747644058759e-02   6.2510551933115295e+00
  -6.4232453649384846e-01   3.1909182773265224e-02   7.6786157371173913e-01   6.4244524355456356e-02  -3.5894035320078566e-01   6.8289260602463375e-02   6.2510511704846765e+00
  -6.4331600530948896e-01   3.1844032983761400e-02   7.6704595293990618e-01   6.4113597066313394e-02  -3.5795524138301377e-01   6.8264486361885021e-02   6.2510471529734053e+00
  -6.4430745021851910e-01   3.1778776843558898e-02   7.6622820120813462e-01   6.3982454596725427e-02  -3.5697017029729738e-01   6.8239448231455793e-02   6.2510431407677469e+00
  -6.4529886685619764e-01   3.1713390175682393e-02   7.6540831640648221e-01   6.3851048265716304e-02  -3.5598514868047393e-01   6.8214092911561386e-02   6.2510391338577458e+00
  -6.4629025965026632e-01   3.1647897859363665e-02   7.6458628699946274e-01   6.3719428163402592e-02  -3.5500016764801218e-01   6.8188473283200379e-02   6.2510351322335032e+00
  -6.4728162712226944e-01   3.1582291821216850e-02   7.6376210770394704e-01   6.3587578032229836e-02  -3.5401523015213493e-01   6.8162570898858355e-02   6.2510311358852979e+00
  -6.4827296893409947e-01   3.1516570356052251e-02   7.6293577197484730e-01   6.3455494437021032e-02  -3.5303033685963953e-01   6.8136381064719614e-02   6.2510271448031727e+00
  -6.4926429169011168e-01   3.1450770358851514e-02   7.6210726575463328e-01   6.3323251662444180e-02  -3.5204547452318735e-01   6.8109983320708237e-02   6.2510231589771497e+00
  -6.5025558402079575e-01   3.1384828768018527e-02   7.6127659425357708e-01   6.3190722735144061e-02  -3.5106066591826240e-01   6.8083239172659626e-02   6.2510191783978710e+00
  -6.5124684826143164e-01   3.1318758784013079e-02   7.6044374792533964e-01   6.3057934230630358e-02  -3.5007590635347186e-01   6.8056176227100751e-02   6.2510152030551378e+00
  -6.5223808838697017e-01   3.1252582664863714e-02   7.5960871538495878e-01   6.2924930962819703e-02  -3.4909118785090487e-01   6.8028842158024655e-02   6.2510112329395229e+00
  -6.5322930157182146e-01   3.1186284908693535e-02   7.5877149253144338e-01   6.2791681717478925e-02  -3.4810651606242243e-01   6.8001201970157105e-02   6.2510072680410689e+00
  -6.5422049215830480e-01   3.1119889766588964e-02   7.5793206745908170e-01   6.2658235319843270e-02  -3.4712188227376711e-01   6.7973307956182338e-02   6.2510033083502163e+00
  -6.5521165595772690e-01   3.1053374191697888e-02   7.5709043744955329e-01   6.2524545365109055e-02  -3.4613729486827960e-01   6.7945108450945840e-02   6.2509993538572965e+00
  -6.5620278966557577e-01   3.0986720096755113e-02   7.5624659880095157e-01   6.2390575432614483e-02  -3.4515276045739635e-01   6.7916562387444590e-02   6.2509954045526914e+00
  -6.5719389979281073e-01   3.0919963705901544e-02   7.5540053708208721e-01   6.2256398456381985e-02  -3.4416826598005518e-01   6.7887748625680297e-02   6.2509914604266985e+00
  -6.5818498474146114e-01   3.0853096348262235e-02   7.5455224661665510e-01   6.2121996975382676e-02  -3.4318381462728220e-01   6.7858647033354771e-02   6.2509875214696304e+00
  -6.5917604702792432e-01   3.0786132087839500e-02   7.5370171718626033e-01   6.1987399306671319e-02  -3.4219940134370946e-01   6.7829287838040847e-02   6.2509835876721427e+00
  -6.6016708125727974e-01   3.0719041307788016e-02   7.5284894717141260e-01   6.1852545813602715e-02  -3.4121503692987071e-01   6.7799604285056991e-02   6.2509796590246625e+00
  -6.6115809101891265e-01   3.0651844003248236e-02   7.5199392507386664e-01   6.1717476755414412e-02  -3.4023071417990614e-01   6.7769639737919510e-02   6.2509757355174562e+00
  -6.6214907500343811e-01   3.0584533127132534e-02   7.5113664470213892e-01   6.1582177940199531e-02  -3.3924643570594459e-01   6.7739377481892515e-02   6.2509718171411794e+00
  -6.6314003662575571e-01   3.0517127659304994e-02   7.5027709461427372e-01   6.1446687581313414e-02  -3.3826219465142887e-01   6.7708858902969932e-02   6.2509679038863286e+00
  -6.6413097088753004e-01   3.0449600244530278e-02   7.4941527257224405e-01   6.1310950598469992e-02  -3.3727800102183508e-01   6.7678021857515314e-02   6.2509639957434437e+00
  -6.6512187643024356e-01   3.0381943613293490e-02   7.4855117229674151e-01   6.1174952350480795e-02  -3.3629385752732804e-01   6.7646848844721302e-02   6.2509600927030702e+00
  -6.6611275614801491e-01   3.0314173881728006e-02   7.4768478274998107e-01   6.1038725285065792e-02  -3.3530975835507337e-01   6.7615374831279662e-02   6.2509561947558012e+00
  -6.6710361176159627e-01   3.0246300675335326e-02   7.4681609411777727e-01   6.0902288783388894e-02  -3.3432570004343626e-01   6.7583620414830153e-02   6.2509523018923607e+00
  -6.6809444299946630e-01   3.0178322669222952e-02   7.4594509872764425e-01   6.0765640174910637e-02  -3.3334168312400725e-01   6.7551581624875012e-02   6.2509484141033242e+00
  -6.6908524211942610e-01   3.0110197585619385e-02   7.4507179717177574e-01   6.0628694327532685e-02  -3.3235772310095485e-01   6.7519161873735051e-02   6.2509445313792638e+00
  -6.7007601828882091e-01   3.0041975898319091e-02   7.4419617117891912e-01   6.0491552872647382e-02  -3.3137380158779522e-01   6.7486473960840537e-02   6.2509406537108712e+00
  -6.7106676760629347e-01   2.9973636399391924e-02   7.4331821695137579e-01   6.0354173104862310e-02  -3.3038992639067699e-01   6.7453468849973067e-02   6.2509367810890524e+00
  -6.7205749085742117e-01   2.9905183581183374e-02   7.4243792541461562e-01   6.0216564066178362e-02  -3.2940609592189529e-01   6.7420155569333201e-02   6.2509329135043092e+00
  -6.7304818776710329e-01   2.9836616124202537e-02   7.4155528861652031e-01   6.0078723099132501e-02  -3.2842231071948319e-01   6.7386529982755516e-02   6.2509290509474855e+00
  -6.7403886186322082e-01   2.9767953489237154e-02   7.4067029427235320e-01   5.9940689387619171e-02  -3.2743856369923291e-01   6.7352635329682414e-02   6.2509251934094188e+00
  -6.7502950802278894e-01   2.9699167859278782e-02   7.3978293974434006e-01   5.9802406916951906e-02  -3.2645486511541516e-01   6.7318407111666478e-02   6.2509213408808106e+00
  -6.7602012755644769e-01   2.9630266589561170e-02   7.3889321511899686e-01   5.9663890495780240e-02  -3.2547121232737863e-01   6.7283860894766095e-02   6.2509174933525511e+00
  -6.7701072266414530e-01   2.9561261865936217e-02   7.3800110940300667e-01   5.9525164659834116e-02  -3.2448760091215484e-01   6.7249023440151739e-02   6.2509136508153738e+00
  -6.7800129037343393e-01   2.9492137662298457e-02   7.3710661737567895e-01   5.9386197136734695e-02  -3.2350403681333900e-01   6.7213856873905270e-02   6.2509098132603818e+00
  -6.7899183295252985e-01   2.9422906529088341e-02   7.3620972783316607e-01   5.9247013194772116e-02  -3.2252051547087124e-01   6.7178388833098068e-02   6.2509059806782314e+00
  -6.7998234782189293e-01   2.9353554607459652e-02   7.3531043499473880e-01   5.9107584927014879e-02  -3.2153704204060041e-01   6.7142586251382461e-02   6.2509021530598847e+00
  -6.8097283824704369e-01   2.9284099855886675e-02   7.3440872638233690e-01   5.8967948492623073e-02  -3.2055360996336479e-01   6.7106489337642211e-02   6.2508983303963506e+00
  -6.8196329607640993e-01   2.9214498159058546e-02   7.3350460244146076e-01   5.8828015056098637e-02  -3.1957023556266095e-01   6.7069994897199253e-02   6.2508945126786015e+00
  -6.8295373369106971e-01   2.9144816990173485e-02   7.3259804016486008e-01   5.8687920484384364e-02  -3.1858689400893836e-01   6.7033257782923766e-02   6.2508906998975355e+00
  -6.8394414010495574e-01   2.9074996872014643e-02   7.3168904311312899e-01   5.8547545007333682e-02  -3.1760360730662512e-01   6.6996139010462100e-02   6.2508868920441074e+00
  -6.8493452298722612e-01   2.9005079624724827e-02   7.3077759348313387e-01   5.8406972835300018e-02  -3.1662036006980410e-01   6.6958734379467894e-02   6.2508830891095437e+00
  -6.8592488026250276e-01   2.8935054164303833e-02   7.2986368452910799e-01   5.8266181647185014e-02  -3.1563715644323304e-01   6.6921017017111603e-02   6.2508792910845985e+00
  -6.8691520497640590e-01   2.8864883025973408e-02   7.2894731506688681e-01   5.8125095996681905e-02  -3.1465401035044910e-01   6.6882898204942906e-02   6.2508754979606351e+00
  -6.8790550657012717e-01   2.8794617544327616e-02   7.2802846499914031e-01   5.7983819255822473e-02  -3.1367090285338284e-01   6.6844496448463214e-02   6.2508717097285933e+00
  -6.8889577929293044e-01   2.8724226785987912e-02   7.2710713162213914e-01   5.7842289130942304e-02  -3.1268784546286826e-01   6.6805738185373387e-02   6.2508679263796099e+00
  -6.8988602702393198e-01   2.8653731925992004e-02   7.2618330106590079e-01   5.7700548260612258e-02  -3.1170483038850694e-01   6.6766671750166068e-02   6.2508641479047657e+00
  -6.9087624520829938e-01   2.8583108552860403e-02   7.2525696913022220e-01   5.7558547484515721e-02  -3.1072186674407271e-01   6.6727238517494097e-02   6.2508603742953195e+00
  -6.9186644255591601e-01   2.8512403880693933e-02   7.2432811617421133e-01   5.7416381877637909e-02  -3.0973893705647709e-01   6.6687548369063918e-02   6.2508566055422499e+00
  -6.9285661237557061e-01   2.8441581966716974e-02   7.2339674032742685e-01   5.7273979059549139e-02  -3.0875605472103024e-01   6.6647515500872168e-02   6.2508528416370082e+00
  -6.9384675285239716e-01   2.8370633241203536e-02   7.2246283401625233e-01   5.7131319755282420e-02  -3.0777322335935514e-01   6.6607115898873914e-02   6.2508490825707579e+00
  -6.9483686698488301e-01   2.8299574072149718e-02   7.2152638398432045e-01   5.6988436924698412e-02  -3.0679043694537500e-01   6.6566386901853875e-02   6.2508453283346146e+00
  -6.9582695328597177e-01   2.8228396651743815e-02   7.2058738212086026e-01   5.6845314842573373e-02  -3.0580769844324679e-01   6.6525308672339606e-02   6.2508415789198786e+00
  -6.9681701286579756e-01   2.8157107158172778e-02   7.1964581720420429e-01   5.6701965948059374e-02  -3.0482500561145676e-01   6.6483894527499338e-02   6.2508378343179674e+00
  -6.9780704601156240e-01   2.8085707331855145e-02   7.1870167889023417e-01   5.6558393744468256e-02  -3.0384235785774638e-01   6.6442147300507765e-02   6.2508340945200818e+00
  -6.9879705229240319e-01   2.8014195054765940e-02   7.1775495759710528e-01   5.6414593964436884e-02  -3.0285975602895515e-01   6.6400060622785168e-02   6.2508303595175407e+00
  -6.9978703598696745e-01   2.7942593479573556e-02   7.1680563811261033e-01   5.6270613230989600e-02  -3.0187719153218906e-01   6.6357688606422549e-02   6.2508266293016819e+00
  -7.0077698858700854e-01   2.7870857147105854e-02   7.1585372021080818e-01   5.6126359995124268e-02  -3.0089468140384112e-01   6.6314921123949294e-02   6.2508229038639600e+00
  -7.0176691323112805e-01   2.7799003117675226e-02   7.1489918987321377e-01   5.5981868613130939e-02  -2.9991221933579731e-01   6.6271797527624854e-02   6.2508191831956923e+00
  -7.0275681656380951e-01   2.7727067178254686e-02   7.1394202881028790e-01   5.5837211149095983e-02  -2.9892979199284014e-01   6.6228402586241478e-02   6.2508154672882617e+00
  -7.0374668806261009e-01   2.7654993172150328e-02   7.1298223898814839e-01   5.5692274512902332e-02  -2.9794742044792472e-01   6.6184599794075455e-02   6.2508117561332215e+00
  -7.0473653235580924e-01   2.7582806101049382e-02   7.1201980434355705e-01   5.5547109050127275e-02  -2.9696509540668259e-01   6.6140447866237156e-02   6.2508080497219698e+00
  -7.0572634648852917e-01   2.7510490384206693e-02   7.1105471773066942e-01   5.5401683382230546e-02  -2.9598282277386545e-01   6.6095907635613765e-02   6.2508043480457705e+00
  -7.0671613349860130e-01   2.7438062478197890e-02   7.1008696478061417e-01   5.5256030647962376e-02  -2.9500059644244930e-01   6.6051017418186669e-02   6.2508006510965606e+00
  -7.0770589571262899e-01   2.7365535000453842e-02   7.0911653185930534e-01   5.5110176255475617e-02  -2.9401841173076315e-01   6.6005806493696223e-02   6.2507969588655214e+00
  -7.0869562784722762e-01   2.7292879963687618e-02   7.0814341435292949e-01   5.4964063839938487e-02  -2.9303627921023828e-01   6.5960205388137183e-02   6.2507932713442473e+00
  -7.0968533499296227e-01   2.7220124728672024e-02   7.0716759513299854e-01   5.4817748500134690e-02  -2.9205418865894062e-01   6.5914279272151280e-02   6.2507895885244036e+00
  -7.1067501547951029e-01   2.7147260584550695e-02   7.0618906507708068e-01   5.4671212691708534e-02  -2.9107214340592230e-01   6.5868005551143805e-02   6.2507859103974690e+00
  -7.1166466853646193e-01   2.7074283634520802e-02   7.0520781389890985e-01   5.4524448564735518e-02  -2.9009014497639302e-01   6.5821373257074711e-02   6.2507822369550237e+00
  -7.1265429431259097e-01   2.7001194880572718e-02   7.0422383011369372e-01   5.4377458135488325e-02  -2.8910819305300750e-01   6.5774383373772546e-02   6.2507785681887649e+00
  -7.1364389110704318e-01   2.6927985495285019e-02   7.0323710438229881e-01   5.4230223623975955e-02  -2.8812629102553411e-01   6.5727012690462855e-02   6.2507749040903011e+00
  -7.1463346331655475e-01   2.6854679052120287e-02   7.0224761988043294e-01   5.4082792503012421e-02  -2.8714443006172957e-01   6.5679317750487520e-02   6.2507712446512844e+00
  -7.1562300276256785e-01   2.6781232338452532e-02   7.0125537494648871e-01   5.3935077743912138e-02  -2.8616262653481117e-01   6.5631190447697441e-02   6.2507675898634618e+00
  -7.1661251231830214e-01   2.6707660859506901e-02   7.0026035442481471e-01   5.3787110570413951e-02  -2.8518087466582537e-01   6.5582667256202126e-02   6.2507639397183938e+00
  -7.1760199313503514e-01   2.6633970954642611e-02   6.9926254513641795e-01   5.3638903746985794e-02  -2.8419917212697399e-01   6.5533762195120637e-02   6.2507602942079945e+00
  -7.1859145098865873e-01   2.6560193435146612e-02   6.9826192812775001e-01   5.3490519324523755e-02  -2.8321750732087031e-01   6.5484550268165284e-02   6.2507566533238119e+00
  -7.1958088027776079e-01   2.6486298826287787e-02   6.9725849824420261e-01   5.3341897941191450e-02  -2.8223589145425559e-01   6.5434956838458333e-02   6.2507530170577041e+00
  -7.2057027925593253e-01   2.6412278123333049e-02   6.9625224554355436e-01   5.3193021458308010e-02  -2.8125432800702066e-01   6.5384957779533459e-02   6.2507493854014333e+00
  -7.2155965290953128e-01   2.6338157918361572e-02   6.9524315170519801e-01   5.3043943429815672e-02  -2.8027280696342977e-01   6.5334617854592839e-02   6.2507457583469099e+00
  -7.2254899742497247e-01   2.6263918268277186e-02   6.9423120911307057e-01   5.2894623689336756e-02  -2.7929133594634137e-01   6.5283885662540286e-02   6.2507421358857469e+00
  -7.2353831458646867e-01   2.6189568821737515e-02   6.9321640316024469e-01   5.2745081666748593e-02  -2.7830991135800959e-01   6.5232783739993860e-02   6.2507385180099870e+00
  -7.2452760418438500e-01   2.6115108691309685e-02   6.9219872158354967e-01   5.2595315572025722e-02  -2.7732853359713494e-01   6.5181308278967690e-02   6.2507349047113649e+00
  -7.2551686925156389e-01   2.6040554074534063e-02   6.9117814798709554e-01   5.2445358026046621e-02  -2.7634719656265994e-01   6.5129498555208679e-02   6.2507312959818364e+00
  -7.2650610411622674e-01   2.5965875292238559e-02   6.9015467666435282e-01   5.2295149253549639e-02  -2.7536591160115220e-01   6.5077278167523248e-02   6.2507276918132515e+00
  -7.2749530932588546e-01   2.5891075475575537e-02   6.8912829409943999e-01   5.2144695556778621e-02  -2.7438467759294982e-01   6.5024653212134353e-02   6.2507240921975802e+00
  -7.2848448489579287e-01   2.5816154947831928e-02   6.8809898732264607e-01   5.1993997585313853e-02  -2.7340349448496876e-01   6.4971622711354204e-02   6.2507204971265828e+00
  -7.2947363281513167e-01   2.5741124404535271e-02   6.8706674077796281e-01   5.1843076878321355e-02  -2.7242235826721450e-01   6.4918212071771286e-02   6.2507169065924817e+00
  -7.3046275770052249e-01   2.5666008312070124e-02   6.8603153547455586e-01   5.1691982710198807e-02  -2.7144125966303512e-01   6.4864482029687906e-02   6.2507133205871579e+00
  -7.3145184880281056e-01   2.5590750436919565e-02   6.8499337157748641e-01   5.1540601822134442e-02  -2.7046022019514104e-01   6.4810287621653695e-02   6.2507097391026463e+00
  -7.3244090834430131e-01   2.5515362723494504e-02   6.8395223290038698e-01   5.1388958267970700e-02  -2.6947923538562674e-01   6.4755657242190262e-02   6.2507061621308120e+00
  -7.3342994524150240e-01   2.5439892163838070e-02   6.8290809465985403e-01   5.1237146691022341e-02  -2.6849828733810593e-01   6.4700709467668760e-02   6.2507025896639190e+00
  -7.3441895520891076e-01   2.5364316488577027e-02   6.8186094856093682e-01   5.1085122237282135e-02  -2.6751738461868441e-01   6.4645385768451677e-02   6.2506990216937872e+00
  -7.3540792875122374e-01   2.5288586225780729e-02   6.8081079283792256e-01   5.0932785263868900e-02  -2.6653654623594025e-01   6.4589557009438636e-02   6.2506954582126557e+00
  -7.3639687662682285e-01   2.5212757957320437e-02   6.7975759996303964e-01   5.0780249730252747e-02  -2.6555575060072195e-01   6.4533366857147681e-02   6.2506918992126783e+00
  -7.3738579967051587e-01   2.5136836253458493e-02   6.7870135480321891e-01   5.0627524838301845e-02  -2.6457499601493883e-01   6.4476825590621067e-02   6.2506883446857655e+00
  -7.3837468495913627e-01   2.5060753823019553e-02   6.7764205964658397e-01   5.0474475055669869e-02  -2.6359430835752629e-01   6.4419757183914433e-02   6.2506847946241937e+00
  -7.3936354896581191e-01   2.4984596973250204e-02   6.7657967919428996e-01   5.0321274211367631e-02  -2.6261365458343189e-01   6.4362383361659836e-02   6.2506812490201673e+00
  -7.4035238355855260e-01   2.4908323455371324e-02   6.7551420937318118e-01   5.0167837210235218e-02  -2.6163305096728329e-01   6.4304592870945657e-02   6.2506777078656928e+00
  -7.4134118744846822e-01   2.4831926803353742e-02   6.7444563727499740e-01   5.0014151026864039e-02  -2.6065250006684954e-01   6.4246366912880742e-02   6.2506741711530749e+00
  -7.4232996428716724e-01   2.4755426298897015e-02   6.7337394351141955e-01   4.9860254494264698e-02  -2.5967199453638939e-01   6.4187753893132776e-02   6.2506706388745030e+00
  -7.4331870720741355e-01   2.4678786427931972e-02   6.7229912208656428e-01   4.9706076081795100e-02  -2.5869154811470996e-01   6.4128658957545714e-02   6.2506671110221790e+00
  -7.4430742360392943e-01   2.4602045950642686e-02   6.7122114850324399e-01   4.9551693853804500e-02  -2.5771114595251893e-01   6.4069181607949166e-02   6.2506635875884307e+00
  -7.4529611301196919e-01   2.4525202674073255e-02   6.7014000822410447e-01   4.9397103392548519e-02  -2.5673078895438911e-01   6.4009314365771147e-02   6.2506600685654181e+00
  -7.4628476879148475e-01   2.4448222338953478e-02   6.6905569459480951e-01   4.9242235691961851e-02  -2.5575049040278264e-01   6.3948965040286715e-02   6.2506565539455696e+00
  -7.4727339993370945e-01   2.4371151911986254e-02   6.6796818054729157e-01   4.9087185349132034e-02  -2.5477023224732148e-01   6.3888255511383829e-02   6.2506530437210621e+00
  -7.4826200296799972e-01   2.4293973598310831e-02   6.6687745501966944e-01   4.8931916519088361e-02  -2.5379002141692497e-01   6.3827137030972925e-02   6.2506495378843105e+00
  -7.4925057646260085e-01   2.4216680218771949e-02   6.6578350417632837e-01   4.8776414742217375e-02  -2.5280986075324924e-01   6.3765588632850700e-02   6.2506460364276784e+00
  -7.5023911894619866e-01   2.4139264412722294e-02   6.6468631410020307e-01   4.8620665188368078e-02  -2.5182975317693479e-01   6.3703588672581246e-02   6.2506425393433540e+00
  -7.5122763269699444e-01   2.4061738247982450e-02   6.6358586581518009e-01   4.8464692163589770e-02  -2.5084969409246516e-01   6.3641167178307978e-02   6.2506390466239345e+00
  -7.5221611082418927e-01   2.3984066335489749e-02   6.6248215223189832e-01   4.8308424384181821e-02  -2.4986969728322295e-01   6.3578227482725139e-02   6.2506355582615640e+00
  -7.5320456481379705e-01   2.3906308372486442e-02   6.6137514194602365e-01   4.8151982090430541e-02  -2.4888973969590361e-01   6.3514927010839189e-02   6.2506320742489638e+00
  -7.5419298815399960e-01   2.3828430928337078e-02   6.6026482705275569e-01   4.7995297945085363e-02  -2.4790983435352640e-01   6.3451174337766564e-02   6.2506285945784610e+00
  -7.5518137965329191e-01   2.3750428129858673e-02   6.5915119251435272e-01   4.7838360115256773e-02  -2.4692998361424526e-01   6.3386951433689026e-02   6.2506251192423967e+00
  -7.5616974309902574e-01   2.3672319803612410e-02   6.5803421653266070e-01   4.7681208534283717e-02  -2.4595017985568599e-01   6.3322309490406029e-02   6.2506216482333814e+00
  -7.5715808181916211e-01   2.3594123353578564e-02   6.5691387771126120e-01   4.7523878256722149e-02  -2.4497041637579553e-01   6.3257293615449850e-02   6.2506181815437660e+00
  -7.5814638679509938e-01   2.3515792542150707e-02   6.5579017091644087e-01   4.7366276145505634e-02  -2.4399071122127416e-01   6.3191776718267256e-02   6.2506147191663128e+00
  -7.5913466354953330e-01   2.3437356111429490e-02   6.5466307151115999e-01   4.7208460093387118e-02  -2.4301105329006542e-01   6.3125834372689218e-02   6.2506112610932654e+00
  -7.6012290563606477e-01   2.3358781156396984e-02   6.5353257066079029e-01   4.7050363818847876e-02  -2.4203145547204530e-01   6.3059374874183977e-02   6.2506078073172944e+00
  -7.6111112130319747e-01   2.3280110405573064e-02   6.5239863969571277e-01   4.6892073384928790e-02  -2.4105190120037864e-01   6.2992512231206693e-02   6.2506043578310635e+00
  -7.6209930727802611e-01   2.3201327285552870e-02   6.5126126518000771e-01   4.6733555408404362e-02  -2.4007239700290023e-01   6.2925199181035701e-02   6.2506009126269895e+00
  -7.6308746437639818e-01   2.3122436259812761e-02   6.5012042802202874e-01   4.6574818876783615e-02  -2.3909294121089142e-01   6.2857445738363965e-02   6.2505974716977821e+00
  -7.6407558681205234e-01   2.3043407913525823e-02   6.4897611786836962e-01   4.6415804538553873e-02  -2.3811354538955951e-01   6.2789168836438425e-02   6.2505940350360740e+00
  -7.6506368209468434e-01   2.2964281076185290e-02   6.4782830622666376e-01   4.6256590605398017e-02  -2.3713419445135644e-01   6.2720472767766308e-02   6.2505906026344444e+00
  -7.6605174224811046e-01   2.2885015138994023e-02   6.4667698536963558e-01   4.6097095275930720e-02  -2.3615490435044365e-01   6.2651243288060793e-02   6.2505871744854611e+00
  -7.6703977628987507e-01   2.2805656605373373e-02   6.4552212433139089e-01   4.5937412221118724e-02  -2.3517565697583240e-01   6.2581606373182691e-02   6.2505837505820248e+00
  -7.6802777829938418e-01   2.2726175430403530e-02   6.4436371223679445e-01   4.5777480919511331e-02  -2.3419646416035411e-01   6.2511476654211640e-02   6.2505803309166499e+00
  -7.6901575425337443e-01   2.2646602478188789e-02   6.4320172180756519e-01   4.5617363538913623e-02  -2.3321731388749947e-01   6.2440937470847231e-02   6.2505769154821857e+00
  -7.7000369630745524e-01   2.2566897919868337e-02   6.4203614445249868e-01   4.5456979849007845e-02  -2.3223822184566095e-01   6.2369875735168306e-02   6.2505735042712631e+00
  -7.7099160847491044e-01   2.2487082577110202e-02   6.4086695517398873e-01   4.5296371789425825e-02  -2.3125917995338285e-01   6.2298346890015441e-02   6.2505700972767011e+00
  -7.7197949671994071e-01   2.2407187168081270e-02   6.3969412602965037e-01   4.5135601235270162e-02  -2.3028017621780070e-01   6.2226434658890606e-02   6.2505666944911962e+00
  -7.7296734975677683e-01   2.2327154383460241e-02   6.3851765262891580e-01   4.4974552743176306e-02  -2.2930123322450860e-01   6.2153976199334902e-02   6.2505632959074564e+00
